rg5425 2017 6 29 0 0 0.00556
rg5425 2017 6 29 0 1 0.00556
rg5425 2017 6 29 0 2 0.00556
rg5425 2017 6 29 0 3 0.00556
rg5425 2017 6 29 0 4 0.00556
rg5425 2017 6 29 0 5 0.00556
rg5425 2017 6 29 0 6 0.00556
rg5425 2017 6 29 0 7 0.00556
rg5425 2017 6 29 0 8 0.00556
rg5425 2017 6 29 0 9 0.00556
rg5425 2017 6 29 0 10 0.00556
rg5425 2017 6 29 0 11 0.00556
rg5425 2017 6 29 0 12 0.00556
rg5425 2017 6 29 0 13 0.00556
rg5425 2017 6 29 0 14 0.00556
rg5425 2017 6 29 0 15 0.00556
rg5425 2017 6 29 0 16 0.00556
rg5425 2017 6 29 0 17 0.00556
rg5425 2017 6 29 0 18 0.00556
rg5425 2017 6 29 0 19 0.00556
rg5425 2017 6 29 0 20 0.00556
rg5425 2017 6 29 0 21 0.00556
rg5425 2017 6 29 0 22 0.00556
rg5425 2017 6 29 0 23 0.00556
rg5425 2017 6 29 0 24 0.00556
rg5425 2017 6 29 0 25 0.00556
rg5425 2017 6 29 0 26 0.00556
rg5425 2017 6 29 0 27 0.00556
rg5425 2017 6 29 0 28 0.00556
rg5425 2017 6 29 0 29 0.00556
rg5425 2017 6 29 0 30 0.00556
rg5425 2017 6 29 0 31 0.00556
rg5425 2017 6 29 0 32 0.00556
rg5425 2017 6 29 0 33 0.00556
rg5425 2017 6 29 0 34 0.00556
rg5425 2017 6 29 0 35 0.00556
rg5425 2017 6 29 0 36 0.00556
rg5425 2017 6 29 0 37 0.00556
rg5425 2017 6 29 0 38 0.00556
rg5425 2017 6 29 0 39 0.00556
rg5425 2017 6 29 0 40 0.00556
rg5425 2017 6 29 0 41 0.00556
rg5425 2017 6 29 0 42 0.00556
rg5425 2017 6 29 0 43 0.00556
rg5425 2017 6 29 0 44 0.00556
rg5425 2017 6 29 0 45 0.00556
rg5425 2017 6 29 0 46 0.00556
rg5425 2017 6 29 0 47 0.00556
rg5425 2017 6 29 0 48 0.00556
rg5425 2017 6 29 0 49 0.00556
rg5425 2017 6 29 0 50 0.00556
rg5425 2017 6 29 0 51 0.00556
rg5425 2017 6 29 0 52 0.00556
rg5425 2017 6 29 0 53 0.00556
rg5425 2017 6 29 0 54 0.00556
rg5425 2017 6 29 0 55 0.00556
rg5425 2017 6 29 0 56 0.00556
rg5425 2017 6 29 0 57 0.00556
rg5425 2017 6 29 0 58 0.00556
rg5425 2017 6 29 0 59 0.00556
rg5425 2017 6 29 1 0 0.00556
rg5425 2017 6 29 1 1 0.00556
rg5425 2017 6 29 1 2 0.00556
rg5425 2017 6 29 1 3 0.00556
rg5425 2017 6 29 1 4 0.00556
rg5425 2017 6 29 1 5 0.00556
rg5425 2017 6 29 1 6 0.00556
rg5425 2017 6 29 1 7 0.00556
rg5425 2017 6 29 1 8 0.00556
rg5425 2017 6 29 1 9 0.00556
rg5425 2017 6 29 1 10 0.00556
rg5425 2017 6 29 1 11 0.00556
rg5425 2017 6 29 1 12 0.00556
rg5425 2017 6 29 1 13 0.00556
rg5425 2017 6 29 1 14 0.00556
rg5425 2017 6 29 1 15 0.00556
rg5425 2017 6 29 1 16 0.00556
rg5425 2017 6 29 1 17 0.00556
rg5425 2017 6 29 1 18 0.00556
rg5425 2017 6 29 1 19 0.00556
rg5425 2017 6 29 1 20 0.00556
rg5425 2017 6 29 1 21 0.00556
rg5425 2017 6 29 1 22 0.00556
rg5425 2017 6 29 1 23 0.00556
rg5425 2017 6 29 1 24 0.00556
rg5425 2017 6 29 1 25 0.00556
rg5425 2017 6 29 1 26 0.00556
rg5425 2017 6 29 1 27 0.00556
rg5425 2017 6 29 1 28 0.00556
rg5425 2017 6 29 1 29 0.00556
rg5425 2017 6 29 1 30 0.00556
rg5425 2017 6 29 1 31 0.00556
rg5425 2017 6 29 1 32 0.00556
rg5425 2017 6 29 1 33 0.00556
rg5425 2017 6 29 1 34 0.00556
rg5425 2017 6 29 1 35 0.00556
rg5425 2017 6 29 1 36 0.00556
rg5425 2017 6 29 1 37 0.00556
rg5425 2017 6 29 1 38 0.00556
rg5425 2017 6 29 1 39 0.00556
rg5425 2017 6 29 1 40 0.00556
rg5425 2017 6 29 1 41 0.00556
rg5425 2017 6 29 1 42 0.00556
rg5425 2017 6 29 1 43 0.00556
rg5425 2017 6 29 1 44 0.00556
rg5425 2017 6 29 1 45 0.00556
rg5425 2017 6 29 1 46 0.00556
rg5425 2017 6 29 1 47 0.00556
rg5425 2017 6 29 1 48 0.00556
rg5425 2017 6 29 1 49 0.00556
rg5425 2017 6 29 1 50 0.00556
rg5425 2017 6 29 1 51 0.00556
rg5425 2017 6 29 1 52 0.00556
rg5425 2017 6 29 1 53 0.00556
rg5425 2017 6 29 1 54 0.00556
rg5425 2017 6 29 1 55 0.00556
rg5425 2017 6 29 1 56 0.00556
rg5425 2017 6 29 1 57 0.00556
rg5425 2017 6 29 1 58 0.00556
rg5425 2017 6 29 1 59 0.00556
rg5425 2017 6 29 2 0 0.00556
rg5425 2017 6 29 2 1 0.00556
rg5425 2017 6 29 2 2 0.00556
rg5425 2017 6 29 2 3 0.00556
rg5425 2017 6 29 2 4 0.00556
rg5425 2017 6 29 2 5 0.00556
rg5425 2017 6 29 2 6 0.00556
rg5425 2017 6 29 2 7 0.00556
rg5425 2017 6 29 2 8 0.00556
rg5425 2017 6 29 2 9 0.00556
rg5425 2017 6 29 2 10 0.00556
rg5425 2017 6 29 2 11 0.00556
rg5425 2017 6 29 2 12 0.00556
rg5425 2017 6 29 2 13 0.00556
rg5425 2017 6 29 2 14 0.00556
rg5425 2017 6 29 2 15 0.00556
rg5425 2017 6 29 2 16 0.00556
rg5425 2017 6 29 2 17 0.00556
rg5425 2017 6 29 2 18 0.00556
rg5425 2017 6 29 2 19 0.00556
rg5425 2017 6 29 2 20 0.00556
rg5425 2017 6 29 2 21 0.00556
rg5425 2017 6 29 2 22 0.00556
rg5425 2017 6 29 2 23 0.00556
rg5425 2017 6 29 2 24 0.00556
rg5425 2017 6 29 2 25 0.00556
rg5425 2017 6 29 2 26 0.00556
rg5425 2017 6 29 2 27 0.00556
rg5425 2017 6 29 2 28 0.00556
rg5425 2017 6 29 2 29 0.00556
rg5425 2017 6 29 2 30 0.00556
rg5425 2017 6 29 2 31 0.00556
rg5425 2017 6 29 2 32 0.00556
rg5425 2017 6 29 2 33 0.00556
rg5425 2017 6 29 2 34 0.00556
rg5425 2017 6 29 2 35 0.00556
rg5425 2017 6 29 2 36 0.00556
rg5425 2017 6 29 2 37 0.00556
rg5425 2017 6 29 2 38 0.00556
rg5425 2017 6 29 2 39 0.00556
rg5425 2017 6 29 2 40 0.00556
rg5425 2017 6 29 2 41 0.00556
rg5425 2017 6 29 2 42 0.00556
rg5425 2017 6 29 2 43 0.00556
rg5425 2017 6 29 2 44 0.00556
rg5425 2017 6 29 2 45 0.00556
rg5425 2017 6 29 2 46 0.00556
rg5425 2017 6 29 2 47 0.00556
rg5425 2017 6 29 2 48 0.00556
rg5425 2017 6 29 2 49 0.00556
rg5425 2017 6 29 2 50 0.00556
rg5425 2017 6 29 2 51 0.00556
rg5425 2017 6 29 2 52 0.00556
rg5425 2017 6 29 2 53 0.00556
rg5425 2017 6 29 2 54 0.00556
rg5425 2017 6 29 2 55 0.00556
rg5425 2017 6 29 2 56 0.00556
rg5425 2017 6 29 2 57 0.00556
rg5425 2017 6 29 2 58 0.00556
rg5425 2017 6 29 2 59 0.00556
rg5425 2017 6 29 3 0 0.00556
rg5425 2017 6 29 3 1 0.00556
rg5425 2017 6 29 3 2 0.00556
rg5425 2017 6 29 3 3 0.00556
rg5425 2017 6 29 3 4 0.00556
rg5425 2017 6 29 3 5 0.00556
rg5425 2017 6 29 3 6 0.00556
rg5425 2017 6 29 3 7 0.00556
rg5425 2017 6 29 3 8 0.00556
rg5425 2017 6 29 3 9 0.00556
rg5425 2017 6 29 3 10 0.00556
rg5425 2017 6 29 3 11 0.00556
rg5425 2017 6 29 3 12 0.00556
rg5425 2017 6 29 3 13 0.00556
rg5425 2017 6 29 3 14 0.00556
rg5425 2017 6 29 3 15 0.00556
rg5425 2017 6 29 3 16 0.00556
rg5425 2017 6 29 3 17 0.00556
rg5425 2017 6 29 3 18 0.00556
rg5425 2017 6 29 3 19 0.00556
rg5425 2017 6 29 3 20 0.00556
rg5425 2017 6 29 3 21 0.00556
rg5425 2017 6 29 3 22 0.00556
rg5425 2017 6 29 3 23 0.00556
rg5425 2017 6 29 3 24 0.00556
rg5425 2017 6 29 3 25 0.00556
rg5425 2017 6 29 3 26 0.00556
rg5425 2017 6 29 3 27 0.00556
rg5425 2017 6 29 3 28 0.00556
rg5425 2017 6 29 3 29 0.00556
rg5425 2017 6 29 3 30 0.00556
rg5425 2017 6 29 3 31 0.00556
rg5425 2017 6 29 3 32 0.00556
rg5425 2017 6 29 3 33 0.00556
rg5425 2017 6 29 3 34 0.00556
rg5425 2017 6 29 3 35 0.00556
rg5425 2017 6 29 3 36 0.00556
rg5425 2017 6 29 3 37 0.00556
rg5425 2017 6 29 3 38 0.00556
rg5425 2017 6 29 3 39 0.00556
rg5425 2017 6 29 3 40 0.00556
rg5425 2017 6 29 3 41 0.00556
rg5425 2017 6 29 3 42 0.00556
rg5425 2017 6 29 3 43 0.00556
rg5425 2017 6 29 3 44 0.00556
rg5425 2017 6 29 3 45 0.00556
rg5425 2017 6 29 3 46 0.00556
rg5425 2017 6 29 3 47 0.00556
rg5425 2017 6 29 3 48 0.00556
rg5425 2017 6 29 3 49 0.00556
rg5425 2017 6 29 3 50 0.00556
rg5425 2017 6 29 3 51 0.00556
rg5425 2017 6 29 3 52 0.00556
rg5425 2017 6 29 3 53 0.00556
rg5425 2017 6 29 3 54 0.00556
rg5425 2017 6 29 3 55 0.00556
rg5425 2017 6 29 3 56 0.00556
rg5425 2017 6 29 3 57 0.00556
rg5425 2017 6 29 3 58 0.00556
rg5425 2017 6 29 3 59 0.00556
rg5425 2017 6 29 4 0 0.00556
rg5425 2017 6 29 4 1 0.00556
rg5425 2017 6 29 4 2 0.00556
rg5425 2017 6 29 4 3 0.00556
rg5425 2017 6 29 4 4 0.00556
rg5425 2017 6 29 4 5 0.00556
rg5425 2017 6 29 4 6 0.00556
rg5425 2017 6 29 4 7 0.00556
rg5425 2017 6 29 4 8 0.00556
rg5425 2017 6 29 4 9 0.00556
rg5425 2017 6 29 4 10 0.00556
rg5425 2017 6 29 4 11 0.00556
rg5425 2017 6 29 4 12 0.00556
rg5425 2017 6 29 4 13 0.00556
rg5425 2017 6 29 4 14 0.00556
rg5425 2017 6 29 4 15 0.00556
rg5425 2017 6 29 4 16 0.00556
rg5425 2017 6 29 4 17 0.00556
rg5425 2017 6 29 4 18 0.00556
rg5425 2017 6 29 4 19 0.00556
rg5425 2017 6 29 4 20 0.00556
rg5425 2017 6 29 4 21 0.00556
rg5425 2017 6 29 4 22 0.00556
rg5425 2017 6 29 4 23 0.00556
rg5425 2017 6 29 4 24 0.00556
rg5425 2017 6 29 4 25 0.00556
rg5425 2017 6 29 4 26 0.00556
rg5425 2017 6 29 4 27 0.00556
rg5425 2017 6 29 4 28 0.00556
rg5425 2017 6 29 4 29 0.00556
rg5425 2017 6 29 4 30 0.00556
rg5425 2017 6 29 4 31 0.00556
rg5425 2017 6 29 4 32 0.00556
rg5425 2017 6 29 4 33 0.00556
rg5425 2017 6 29 4 34 0.00556
rg5425 2017 6 29 4 35 0.00556
rg5425 2017 6 29 4 36 0.00556
rg5425 2017 6 29 4 37 0.00556
rg5425 2017 6 29 4 38 0.00556
rg5425 2017 6 29 4 39 0.00556
rg5425 2017 6 29 4 40 0.00556
rg5425 2017 6 29 4 41 0.00556
rg5425 2017 6 29 4 42 0.00556
rg5425 2017 6 29 4 43 0.00556
rg5425 2017 6 29 4 44 0.00556
rg5425 2017 6 29 4 45 0.00556
rg5425 2017 6 29 4 46 0.00556
rg5425 2017 6 29 4 47 0.00556
rg5425 2017 6 29 4 48 0.00556
rg5425 2017 6 29 4 49 0.00556
rg5425 2017 6 29 4 50 0.00556
rg5425 2017 6 29 4 51 0.00556
rg5425 2017 6 29 4 52 0.00556
rg5425 2017 6 29 4 53 0.00556
rg5425 2017 6 29 4 54 0.00556
rg5425 2017 6 29 4 55 0.00556
rg5425 2017 6 29 4 56 0.00556
rg5425 2017 6 29 4 57 0.00556
rg5425 2017 6 29 4 58 0.00556
rg5425 2017 6 29 4 59 0.00556
rg5425 2017 6 29 5 0 0.00556
rg5425 2017 6 29 5 1 0.00556
rg5425 2017 6 29 5 2 0.00556
rg5425 2017 6 29 5 3 0.00556
rg5425 2017 6 29 5 4 0.00556
rg5425 2017 6 29 5 5 0.00556
rg5425 2017 6 29 5 6 0.00556
rg5425 2017 6 29 5 7 0.00556
rg5425 2017 6 29 5 8 0.00556
rg5425 2017 6 29 5 9 0.00556
rg5425 2017 6 29 5 10 0.00556
rg5425 2017 6 29 5 11 0.00556
rg5425 2017 6 29 5 12 0.00556
rg5425 2017 6 29 5 13 0.00556
rg5425 2017 6 29 5 14 0.00556
rg5425 2017 6 29 5 15 0.00556
rg5425 2017 6 29 5 16 0.00556
rg5425 2017 6 29 5 17 0.00556
rg5425 2017 6 29 5 18 0.00556
rg5425 2017 6 29 5 19 0.00556
rg5425 2017 6 29 5 20 0.00556
rg5425 2017 6 29 5 21 0.00556
rg5425 2017 6 29 5 22 0.00556
rg5425 2017 6 29 5 23 0.00556
rg5425 2017 6 29 5 24 0.00556
rg5425 2017 6 29 5 25 0.00556
rg5425 2017 6 29 5 26 0.00556
rg5425 2017 6 29 5 27 0.00556
rg5425 2017 6 29 5 28 0.00556
rg5425 2017 6 29 5 29 0.00556
rg5425 2017 6 29 5 30 0.00556
rg5425 2017 6 29 5 31 0.00556
rg5425 2017 6 29 5 32 0.00556
rg5425 2017 6 29 5 33 0.00556
rg5425 2017 6 29 5 34 0.00556
rg5425 2017 6 29 5 35 0.00556
rg5425 2017 6 29 5 36 0.00556
rg5425 2017 6 29 5 37 0.00556
rg5425 2017 6 29 5 38 0.00556
rg5425 2017 6 29 5 39 0.00556
rg5425 2017 6 29 5 40 0.00556
rg5425 2017 6 29 5 41 0.00556
rg5425 2017 6 29 5 42 0.00556
rg5425 2017 6 29 5 43 0.00556
rg5425 2017 6 29 5 44 0.00556
rg5425 2017 6 29 5 45 0.00556
rg5425 2017 6 29 5 46 0.00556
rg5425 2017 6 29 5 47 0.00556
rg5425 2017 6 29 5 48 0.00556
rg5425 2017 6 29 5 49 0.00556
rg5425 2017 6 29 5 50 0.00556
rg5425 2017 6 29 5 51 0.00556
rg5425 2017 6 29 5 52 0.00556
rg5425 2017 6 29 5 53 0.00556
rg5425 2017 6 29 5 54 0.00556
rg5425 2017 6 29 5 55 0.00556
rg5425 2017 6 29 5 56 0.00556
rg5425 2017 6 29 5 57 0.00556
rg5425 2017 6 29 5 58 0.00556
rg5425 2017 6 29 5 59 0.00556
rg5425 2017 6 29 6 0 0.00556
rg5425 2017 6 29 6 1 0.00556
rg5425 2017 6 29 6 2 0.00556
rg5425 2017 6 29 6 3 0.00556
rg5425 2017 6 29 6 4 0.00556
rg5425 2017 6 29 6 5 0.00556
rg5425 2017 6 29 6 6 0.00556
rg5425 2017 6 29 6 7 0.00556
rg5425 2017 6 29 6 8 0.00556
rg5425 2017 6 29 6 9 0.00556
rg5425 2017 6 29 6 10 0.00556
rg5425 2017 6 29 6 11 0.00556
rg5425 2017 6 29 6 12 0.00556
rg5425 2017 6 29 6 13 0.00556
rg5425 2017 6 29 6 14 0.00556
rg5425 2017 6 29 6 15 0.00556
rg5425 2017 6 29 6 16 0.00556
rg5425 2017 6 29 6 17 0.00556
rg5425 2017 6 29 6 18 0.00556
rg5425 2017 6 29 6 19 0.00556
rg5425 2017 6 29 6 20 0.00556
rg5425 2017 6 29 6 21 0.00556
rg5425 2017 6 29 6 22 0.00556
rg5425 2017 6 29 6 23 0.00556
rg5425 2017 6 29 6 24 0.00556
rg5425 2017 6 29 6 25 0.00556
rg5425 2017 6 29 6 26 0.00556
rg5425 2017 6 29 6 27 0.00556
rg5425 2017 6 29 6 28 0.00556
rg5425 2017 6 29 6 29 0.00556
rg5425 2017 6 29 6 30 0.00556
rg5425 2017 6 29 6 31 0.00556
rg5425 2017 6 29 6 32 0.00556
rg5425 2017 6 29 6 33 0.00556
rg5425 2017 6 29 6 34 0.00556
rg5425 2017 6 29 6 35 0.00556
rg5425 2017 6 29 6 36 0.00556
rg5425 2017 6 29 6 37 0.00556
rg5425 2017 6 29 6 38 0.00556
rg5425 2017 6 29 6 39 0.00556
rg5425 2017 6 29 6 40 0.00556
rg5425 2017 6 29 6 41 0.00556
rg5425 2017 6 29 6 42 0.00556
rg5425 2017 6 29 6 43 0.00556
rg5425 2017 6 29 6 44 0.00556
rg5425 2017 6 29 6 45 0.00556
rg5425 2017 6 29 6 46 0.00556
rg5425 2017 6 29 6 47 0.00556
rg5425 2017 6 29 6 48 0.00556
rg5425 2017 6 29 6 49 0.00556
rg5425 2017 6 29 6 50 0.00556
rg5425 2017 6 29 6 51 0.00556
rg5425 2017 6 29 6 52 0.00556
rg5425 2017 6 29 6 53 0.00556
rg5425 2017 6 29 6 54 0.00556
rg5425 2017 6 29 6 55 0.00556
rg5425 2017 6 29 6 56 0.00556
rg5425 2017 6 29 6 57 0.00556
rg5425 2017 6 29 6 58 0.00556
rg5425 2017 6 29 6 59 0.00556
rg5425 2017 6 29 7 0 0.00556
rg5425 2017 6 29 7 1 0.00556
rg5425 2017 6 29 7 2 0.00556
rg5425 2017 6 29 7 3 0.00556
rg5425 2017 6 29 7 4 0.00556
rg5425 2017 6 29 7 5 0.00556
rg5425 2017 6 29 7 6 0.00556
rg5425 2017 6 29 7 7 0.00556
rg5425 2017 6 29 7 8 0.00556
rg5425 2017 6 29 7 9 0.00556
rg5425 2017 6 29 7 10 0.00556
rg5425 2017 6 29 7 11 0.00556
rg5425 2017 6 29 7 12 0.00556
rg5425 2017 6 29 7 13 0.00556
rg5425 2017 6 29 7 14 0.00556
rg5425 2017 6 29 7 15 0.00556
rg5425 2017 6 29 7 16 0.00556
rg5425 2017 6 29 7 17 0.00556
rg5425 2017 6 29 7 18 0.00556
rg5425 2017 6 29 7 19 0.00556
rg5425 2017 6 29 7 20 0.00556
rg5425 2017 6 29 7 21 0.00556
rg5425 2017 6 29 7 22 0.00556
rg5425 2017 6 29 7 23 0.00556
rg5425 2017 6 29 7 24 0.00556
rg5425 2017 6 29 7 25 0.00556
rg5425 2017 6 29 7 26 0.00556
rg5425 2017 6 29 7 27 0.00556
rg5425 2017 6 29 7 28 0.00556
rg5425 2017 6 29 7 29 0.00556
rg5425 2017 6 29 7 30 0.00556
rg5425 2017 6 29 7 31 0.00556
rg5425 2017 6 29 7 32 0.00556
rg5425 2017 6 29 7 33 0.00556
rg5425 2017 6 29 7 34 0.00556
rg5425 2017 6 29 7 35 0.00556
rg5425 2017 6 29 7 36 0.00556
rg5425 2017 6 29 7 37 0.00556
rg5425 2017 6 29 7 38 0.00556
rg5425 2017 6 29 7 39 0.00556
rg5425 2017 6 29 7 40 0.00556
rg5425 2017 6 29 7 41 0.00556
rg5425 2017 6 29 7 42 0.00556
rg5425 2017 6 29 7 43 0.00556
rg5425 2017 6 29 7 44 0.00556
rg5425 2017 6 29 7 45 0.00556
rg5425 2017 6 29 7 46 0.00556
rg5425 2017 6 29 7 47 0.00556
rg5425 2017 6 29 7 48 0.00556
rg5425 2017 6 29 7 49 0.00556
rg5425 2017 6 29 7 50 0.00556
rg5425 2017 6 29 7 51 0.00556
rg5425 2017 6 29 7 52 0.00556
rg5425 2017 6 29 7 53 0.00556
rg5425 2017 6 29 7 54 0.00556
rg5425 2017 6 29 7 55 0.00556
rg5425 2017 6 29 7 56 0.00556
rg5425 2017 6 29 7 57 0.00556
rg5425 2017 6 29 7 58 0.00556
rg5425 2017 6 29 7 59 0.00556
rg5425 2017 6 29 8 0 0.00556
rg5425 2017 6 29 8 1 0.00556
rg5425 2017 6 29 8 2 0.00556
rg5425 2017 6 29 8 3 0.00556
rg5425 2017 6 29 8 4 0.00556
rg5425 2017 6 29 8 5 0.00556
rg5425 2017 6 29 8 6 0.00556
rg5425 2017 6 29 8 7 0.00556
rg5425 2017 6 29 8 8 0.00556
rg5425 2017 6 29 8 9 0.00556
rg5425 2017 6 29 8 10 0.00556
rg5425 2017 6 29 8 11 0.00556
rg5425 2017 6 29 8 12 0.00556
rg5425 2017 6 29 8 13 0.00556
rg5425 2017 6 29 8 14 0.00556
rg5425 2017 6 29 8 15 0.00556
rg5425 2017 6 29 8 16 0.00556
rg5425 2017 6 29 8 17 0.00556
rg5425 2017 6 29 8 18 0.00556
rg5425 2017 6 29 8 19 0.00556
rg5425 2017 6 29 8 20 0.00556
rg5425 2017 6 29 8 21 0.00556
rg5425 2017 6 29 8 22 0.00556
rg5425 2017 6 29 8 23 0.00556
rg5425 2017 6 29 8 24 0.00556
rg5425 2017 6 29 8 25 0.00556
rg5425 2017 6 29 8 26 0.00556
rg5425 2017 6 29 8 27 0.00556
rg5425 2017 6 29 8 28 0.00556
rg5425 2017 6 29 8 29 0.00556
rg5425 2017 6 29 8 30 0.00556
rg5425 2017 6 29 8 31 0.00556
rg5425 2017 6 29 8 32 0.00556
rg5425 2017 6 29 8 33 0.00556
rg5425 2017 6 29 8 34 0.00556
rg5425 2017 6 29 8 35 0.00556
rg5425 2017 6 29 8 36 0.00556
rg5425 2017 6 29 8 37 0.00556
rg5425 2017 6 29 8 38 0.00556
rg5425 2017 6 29 8 39 0.00556
rg5425 2017 6 29 8 40 0.00556
rg5425 2017 6 29 8 41 0.00556
rg5425 2017 6 29 8 42 0.00556
rg5425 2017 6 29 8 43 0.00556
rg5425 2017 6 29 8 44 0.00556
rg5425 2017 6 29 8 45 0.00556
rg5425 2017 6 29 8 46 0.00556
rg5425 2017 6 29 8 47 0.00556
rg5425 2017 6 29 8 48 0.00556
rg5425 2017 6 29 8 49 0.00556
rg5425 2017 6 29 8 50 0.00556
rg5425 2017 6 29 8 51 0.00556
rg5425 2017 6 29 8 52 0.00556
rg5425 2017 6 29 8 53 0.00556
rg5425 2017 6 29 8 54 0.00556
rg5425 2017 6 29 8 55 0.00556
rg5425 2017 6 29 8 56 0.00556
rg5425 2017 6 29 8 57 0.00556
rg5425 2017 6 29 8 58 0.00556
rg5425 2017 6 29 8 59 0.00556
rg5425 2017 6 29 9 0 0.00556
rg5425 2017 6 29 9 1 0.00556
rg5425 2017 6 29 9 2 0.00556
rg5425 2017 6 29 9 3 0.00556
rg5425 2017 6 29 9 4 0.00556
rg5425 2017 6 29 9 5 0.00556
rg5425 2017 6 29 9 6 0.00556
rg5425 2017 6 29 9 7 0.00556
rg5425 2017 6 29 9 8 0.00556
rg5425 2017 6 29 9 9 0.00556
rg5425 2017 6 29 9 10 0.00556
rg5425 2017 6 29 9 11 0.00556
rg5425 2017 6 29 9 12 0.00556
rg5425 2017 6 29 9 13 0.00556
rg5425 2017 6 29 9 14 0.00556
rg5425 2017 6 29 9 15 0.00556
rg5425 2017 6 29 9 16 0.00556
rg5425 2017 6 29 9 17 0.00556
rg5425 2017 6 29 9 18 0.00556
rg5425 2017 6 29 9 19 0.00556
rg5425 2017 6 29 9 20 0.00556
rg5425 2017 6 29 9 21 0.00556
rg5425 2017 6 29 9 22 0.00556
rg5425 2017 6 29 9 23 0.00556
rg5425 2017 6 29 9 24 0.00556
rg5425 2017 6 29 9 25 0.00556
rg5425 2017 6 29 9 26 0.00556
rg5425 2017 6 29 9 27 0.00556
rg5425 2017 6 29 9 28 0.00556
rg5425 2017 6 29 9 29 0.00556
rg5425 2017 6 29 9 30 0.00556
rg5425 2017 6 29 9 31 0.00556
rg5425 2017 6 29 9 32 0.00556
rg5425 2017 6 29 9 33 0.00556
rg5425 2017 6 29 9 34 0.00556
rg5425 2017 6 29 9 35 0.00556
rg5425 2017 6 29 9 36 0.00556
rg5425 2017 6 29 9 37 0.00556
rg5425 2017 6 29 9 38 0.00556
rg5425 2017 6 29 9 39 0.00556
rg5425 2017 6 29 9 40 0.00556
rg5425 2017 6 29 9 41 0.00556
rg5425 2017 6 29 9 42 0.00556
rg5425 2017 6 29 9 43 0.00556
rg5425 2017 6 29 9 44 0.00556
rg5425 2017 6 29 9 45 0.00556
rg5425 2017 6 29 9 46 0.00556
rg5425 2017 6 29 9 47 0.00556
rg5425 2017 6 29 9 48 0.00556
rg5425 2017 6 29 9 49 0.00556
rg5425 2017 6 29 9 50 0.00556
rg5425 2017 6 29 9 51 0.00556
rg5425 2017 6 29 9 52 0.00556
rg5425 2017 6 29 9 53 0.00556
rg5425 2017 6 29 9 54 0.00556
rg5425 2017 6 29 9 55 0.00556
rg5425 2017 6 29 9 56 0.00556
rg5425 2017 6 29 9 57 0.00556
rg5425 2017 6 29 9 58 0.00556
rg5425 2017 6 29 9 59 0.00556
rg5425 2017 6 29 10 0 0.00556
rg5425 2017 6 29 10 1 0.00556
rg5425 2017 6 29 10 2 0.00556
rg5425 2017 6 29 10 3 0.00556
rg5425 2017 6 29 10 4 0.00556
rg5425 2017 6 29 10 5 0.00556
rg5425 2017 6 29 10 6 0.00556
rg5425 2017 6 29 10 7 0.00556
rg5425 2017 6 29 10 8 0.00556
rg5425 2017 6 29 10 9 0.00556
rg5425 2017 6 29 10 10 0.00556
rg5425 2017 6 29 10 11 0.00556
rg5425 2017 6 29 10 12 0.00556
rg5425 2017 6 29 10 13 0.00556
rg5425 2017 6 29 10 14 0.00556
rg5425 2017 6 29 10 15 0.00556
rg5425 2017 6 29 10 16 0.00556
rg5425 2017 6 29 10 17 0.00556
rg5425 2017 6 29 10 18 0.00556
rg5425 2017 6 29 10 19 0.00556
rg5425 2017 6 29 10 20 0.00556
rg5425 2017 6 29 10 21 0.00556
rg5425 2017 6 29 10 22 0.00556
rg5425 2017 6 29 10 23 0.00556
rg5425 2017 6 29 10 24 0.00556
rg5425 2017 6 29 10 25 0.00556
rg5425 2017 6 29 10 26 0.00556
rg5425 2017 6 29 10 27 0.00556
rg5425 2017 6 29 10 28 0.00556
rg5425 2017 6 29 10 29 0.00556
rg5425 2017 6 29 10 30 0.00556
rg5425 2017 6 29 10 31 0.00556
rg5425 2017 6 29 10 32 0.00556
rg5425 2017 6 29 10 33 0.00556
rg5425 2017 6 29 10 34 0.00556
rg5425 2017 6 29 10 35 0.00556
rg5425 2017 6 29 10 36 0.00556
rg5425 2017 6 29 10 37 0.00556
rg5425 2017 6 29 10 38 0.00556
rg5425 2017 6 29 10 39 0.00556
rg5425 2017 6 29 10 40 0.00556
rg5425 2017 6 29 10 41 0.00556
rg5425 2017 6 29 10 42 0.00556
rg5425 2017 6 29 10 43 0.00556
rg5425 2017 6 29 10 44 0.00556
rg5425 2017 6 29 10 45 0.00556
rg5425 2017 6 29 10 46 0.00556
rg5425 2017 6 29 10 47 0.00556
rg5425 2017 6 29 10 48 0.00556
rg5425 2017 6 29 10 49 0.00556
rg5425 2017 6 29 10 50 0.00556
rg5425 2017 6 29 10 51 0.00556
rg5425 2017 6 29 10 52 0.00556
rg5425 2017 6 29 10 53 0.00556
rg5425 2017 6 29 10 54 0.00556
rg5425 2017 6 29 10 55 0.00556
rg5425 2017 6 29 10 56 0.00556
rg5425 2017 6 29 10 57 0.00556
rg5425 2017 6 29 10 58 0.00556
rg5425 2017 6 29 10 59 0.00556
rg5425 2017 6 29 11 0 0.00556
rg5425 2017 6 29 11 1 0.00556
rg5425 2017 6 29 11 2 0.00556
rg5425 2017 6 29 11 3 0.00556
rg5425 2017 6 29 11 4 0.00556
rg5425 2017 6 29 11 5 0.00556
rg5425 2017 6 29 11 6 0.00556
rg5425 2017 6 29 11 7 0.00556
rg5425 2017 6 29 11 8 0.00556
rg5425 2017 6 29 11 9 0.00556
rg5425 2017 6 29 11 10 0.00556
rg5425 2017 6 29 11 11 0.00556
rg5425 2017 6 29 11 12 0.00556
rg5425 2017 6 29 11 13 0.00556
rg5425 2017 6 29 11 14 0.00556
rg5425 2017 6 29 11 15 0.00556
rg5425 2017 6 29 11 16 0.00556
rg5425 2017 6 29 11 17 0.00556
rg5425 2017 6 29 11 18 0.00556
rg5425 2017 6 29 11 19 0.00556
rg5425 2017 6 29 11 20 0.00556
rg5425 2017 6 29 11 21 0.00556
rg5425 2017 6 29 11 22 0.00556
rg5425 2017 6 29 11 23 0.00556
rg5425 2017 6 29 11 24 0.00556
rg5425 2017 6 29 11 25 0.00556
rg5425 2017 6 29 11 26 0.00556
rg5425 2017 6 29 11 27 0.00556
rg5425 2017 6 29 11 28 0.00556
rg5425 2017 6 29 11 29 0.00556
rg5425 2017 6 29 11 30 0.00556
rg5425 2017 6 29 11 31 0.00556
rg5425 2017 6 29 11 32 0.00556
rg5425 2017 6 29 11 33 0.00556
rg5425 2017 6 29 11 34 0.00556
rg5425 2017 6 29 11 35 0.00556
rg5425 2017 6 29 11 36 0.00556
rg5425 2017 6 29 11 37 0.00556
rg5425 2017 6 29 11 38 0.00556
rg5425 2017 6 29 11 39 0.00556
rg5425 2017 6 29 11 40 0.00556
rg5425 2017 6 29 11 41 0.00556
rg5425 2017 6 29 11 42 0.00556
rg5425 2017 6 29 11 43 0.00556
rg5425 2017 6 29 11 44 0.00556
rg5425 2017 6 29 11 45 0.00556
rg5425 2017 6 29 11 46 0.00556
rg5425 2017 6 29 11 47 0.00556
rg5425 2017 6 29 11 48 0.00556
rg5425 2017 6 29 11 49 0.00556
rg5425 2017 6 29 11 50 0.00556
rg5425 2017 6 29 11 51 0.00556
rg5425 2017 6 29 11 52 0.00556
rg5425 2017 6 29 11 53 0.00556
rg5425 2017 6 29 11 54 0.00556
rg5425 2017 6 29 11 55 0.00556
rg5425 2017 6 29 11 56 0.00556
rg5425 2017 6 29 11 57 0.00556
rg5425 2017 6 29 11 58 0.00556
rg5425 2017 6 29 11 59 0.00556
rg5425 2017 6 29 12 0 0.00556
rg5425 2017 6 29 12 1 0.00556
rg5425 2017 6 29 12 2 0.00556
rg5425 2017 6 29 12 3 0.00556
rg5425 2017 6 29 12 4 0.00556
rg5425 2017 6 29 12 5 0.00556
rg5425 2017 6 29 12 6 0.00556
rg5425 2017 6 29 12 7 0.00556
rg5425 2017 6 29 12 8 0.00556
rg5425 2017 6 29 12 9 0.00556
rg5425 2017 6 29 12 10 0.00556
rg5425 2017 6 29 12 11 0.00556
rg5425 2017 6 29 12 12 0.00556
rg5425 2017 6 29 12 13 0.00556
rg5425 2017 6 29 12 14 0.00556
rg5425 2017 6 29 12 15 0.00556
rg5425 2017 6 29 12 16 0.00556
rg5425 2017 6 29 12 17 0.00556
rg5425 2017 6 29 12 18 0.00556
rg5425 2017 6 29 12 19 0.00556
rg5425 2017 6 29 12 20 0.00556
rg5425 2017 6 29 12 21 0.00556
rg5425 2017 6 29 12 22 0.00556
rg5425 2017 6 29 12 23 0.00556
rg5425 2017 6 29 12 24 0.00556
rg5425 2017 6 29 12 25 0.00556
rg5425 2017 6 29 12 26 0.00556
rg5425 2017 6 29 12 27 0.00556
rg5425 2017 6 29 12 28 0.00556
rg5425 2017 6 29 12 29 0.00556
rg5425 2017 6 29 12 30 0.00556
rg5425 2017 6 29 12 31 0.00556
rg5425 2017 6 29 12 32 0.00556
rg5425 2017 6 29 12 33 0.00556
rg5425 2017 6 29 12 34 0.00556
rg5425 2017 6 29 12 35 0.00556
rg5425 2017 6 29 12 36 0.00556
rg5425 2017 6 29 12 37 0.00556
rg5425 2017 6 29 12 38 0.00556
rg5425 2017 6 29 12 39 0.00556
rg5425 2017 6 29 12 40 0.00556
rg5425 2017 6 29 12 41 0.00556
rg5425 2017 6 29 12 42 0.00556
rg5425 2017 6 29 12 43 0.00556
rg5425 2017 6 29 12 44 0.00556
rg5425 2017 6 29 12 45 0.00556
rg5425 2017 6 29 12 46 0.00556
rg5425 2017 6 29 12 47 0.00556
rg5425 2017 6 29 12 48 0.00556
rg5425 2017 6 29 12 49 0.00556
rg5425 2017 6 29 12 50 0.00556
rg5425 2017 6 29 12 51 0.00556
rg5425 2017 6 29 12 52 0.00556
rg5425 2017 6 29 12 53 0.00556
rg5425 2017 6 29 12 54 0.00556
rg5425 2017 6 29 12 55 0.00556
rg5425 2017 6 29 12 56 0.00556
rg5425 2017 6 29 12 57 0.00556
rg5425 2017 6 29 12 58 0.00556
rg5425 2017 6 29 12 59 0.00556
rg5425 2017 6 29 13 0 0.00556
rg5425 2017 6 29 13 1 0.00556
rg5425 2017 6 29 13 2 0.00556
rg5425 2017 6 29 13 3 0.00556
rg5425 2017 6 29 13 4 0.00556
rg5425 2017 6 29 13 5 0.00556
rg5425 2017 6 29 13 6 0.00556
rg5425 2017 6 29 13 7 0.00556
rg5425 2017 6 29 13 8 0.00556
rg5425 2017 6 29 13 9 0.00556
rg5425 2017 6 29 13 10 0.00556
rg5425 2017 6 29 13 11 0.00556
rg5425 2017 6 29 13 12 0.00556
rg5425 2017 6 29 13 13 0.00556
rg5425 2017 6 29 13 14 0.00556
rg5425 2017 6 29 13 15 0.00556
rg5425 2017 6 29 13 16 0.00556
rg5425 2017 6 29 13 17 0.00556
rg5425 2017 6 29 13 18 0.00556
rg5425 2017 6 29 13 19 0.00556
rg5425 2017 6 29 13 20 0.00556
rg5425 2017 6 29 13 21 0.00556
rg5425 2017 6 29 13 22 0.00556
rg5425 2017 6 29 13 23 0.00556
rg5425 2017 6 29 13 24 0.00556
rg5425 2017 6 29 13 25 0.00556
rg5425 2017 6 29 13 26 0.00556
rg5425 2017 6 29 13 27 0.00556
rg5425 2017 6 29 13 28 0.00556
rg5425 2017 6 29 13 29 0.00556
rg5425 2017 6 29 13 30 0.00556
rg5425 2017 6 29 13 31 0.00556
rg5425 2017 6 29 13 32 0.00556
rg5425 2017 6 29 13 33 0.00556
rg5425 2017 6 29 13 34 0.00556
rg5425 2017 6 29 13 35 0.00556
rg5425 2017 6 29 13 36 0.00556
rg5425 2017 6 29 13 37 0.00556
rg5425 2017 6 29 13 38 0.00556
rg5425 2017 6 29 13 39 0.00556
rg5425 2017 6 29 13 40 0.00556
rg5425 2017 6 29 13 41 0.00556
rg5425 2017 6 29 13 42 0.00556
rg5425 2017 6 29 13 43 0.00556
rg5425 2017 6 29 13 44 0.00556
rg5425 2017 6 29 13 45 0.00556
rg5425 2017 6 29 13 46 0.00556
rg5425 2017 6 29 13 47 0.00556
rg5425 2017 6 29 13 48 0.00556
rg5425 2017 6 29 13 49 0.00556
rg5425 2017 6 29 13 50 0.00556
rg5425 2017 6 29 13 51 0.00556
rg5425 2017 6 29 13 52 0.00556
rg5425 2017 6 29 13 53 0.00556
rg5425 2017 6 29 13 54 0.00556
rg5425 2017 6 29 13 55 0.00556
rg5425 2017 6 29 13 56 0.00556
rg5425 2017 6 29 13 57 0.00556
rg5425 2017 6 29 13 58 0.00556
rg5425 2017 6 29 13 59 0.00556
rg5425 2017 6 29 14 0 0.00556
rg5425 2017 6 29 14 1 0.00556
rg5425 2017 6 29 14 2 0.00556
rg5425 2017 6 29 14 3 0.00556
rg5425 2017 6 29 14 4 0.00556
rg5425 2017 6 29 14 5 0.00556
rg5425 2017 6 29 14 6 0.00556
rg5425 2017 6 29 14 7 0.00556
rg5425 2017 6 29 14 8 0.00556
rg5425 2017 6 29 14 9 0.00556
rg5425 2017 6 29 14 10 0.00556
rg5425 2017 6 29 14 11 0.00556
rg5425 2017 6 29 14 12 0.00556
rg5425 2017 6 29 14 13 0.00556
rg5425 2017 6 29 14 14 0.00556
rg5425 2017 6 29 14 15 0.00556
rg5425 2017 6 29 14 16 0.00556
rg5425 2017 6 29 14 17 0.00556
rg5425 2017 6 29 14 18 0.00556
rg5425 2017 6 29 14 19 0.00556
rg5425 2017 6 29 14 20 0.00556
rg5425 2017 6 29 14 21 0.00556
rg5425 2017 6 29 14 22 0.00556
rg5425 2017 6 29 14 23 0.00556
rg5425 2017 6 29 14 24 0.00556
rg5425 2017 6 29 14 25 0.00556
rg5425 2017 6 29 14 26 0.00556
rg5425 2017 6 29 14 27 0.00556
rg5425 2017 6 29 14 28 0.00556
rg5425 2017 6 29 14 29 0.00556
rg5425 2017 6 29 14 30 0.00556
rg5425 2017 6 29 14 31 0.00556
rg5425 2017 6 29 14 32 0.00556
rg5425 2017 6 29 14 33 0.00556
rg5425 2017 6 29 14 34 0.00556
rg5425 2017 6 29 14 35 0.00556
rg5425 2017 6 29 14 36 0.00556
rg5425 2017 6 29 14 37 0.00556
rg5425 2017 6 29 14 38 0.00556
rg5425 2017 6 29 14 39 0.00556
rg5425 2017 6 29 14 40 0.00556
rg5425 2017 6 29 14 41 0.00556
rg5425 2017 6 29 14 42 0.00556
rg5425 2017 6 29 14 43 0.00556
rg5425 2017 6 29 14 44 0.00556
rg5425 2017 6 29 14 45 0.00556
rg5425 2017 6 29 14 46 0.00556
rg5425 2017 6 29 14 47 0.00556
rg5425 2017 6 29 14 48 0.00556
rg5425 2017 6 29 14 49 0.00556
rg5425 2017 6 29 14 50 0.00556
rg5425 2017 6 29 14 51 0.00556
rg5425 2017 6 29 14 52 0.00556
rg5425 2017 6 29 14 53 0.00556
rg5425 2017 6 29 14 54 0.00556
rg5425 2017 6 29 14 55 0.00556
rg5425 2017 6 29 14 56 0.00556
rg5425 2017 6 29 14 57 0.00556
rg5425 2017 6 29 14 58 0.00556
rg5425 2017 6 29 14 59 0.00556
rg5425 2017 6 29 15 0 0.00556
rg5425 2017 6 29 15 1 0.00556
rg5425 2017 6 29 15 2 0.00556
rg5425 2017 6 29 15 3 0.00556
rg5425 2017 6 29 15 4 0.00556
rg5425 2017 6 29 15 5 0.00556
rg5425 2017 6 29 15 6 0.00556
rg5425 2017 6 29 15 7 0.00556
rg5425 2017 6 29 15 8 0.00556
rg5425 2017 6 29 15 9 0.00556
rg5425 2017 6 29 15 10 0.00556
rg5425 2017 6 29 15 11 0.00556
rg5425 2017 6 29 15 12 0.00556
rg5425 2017 6 29 15 13 0.00556
rg5425 2017 6 29 15 14 0.00556
rg5425 2017 6 29 15 15 0.00556
rg5425 2017 6 29 15 16 0.00556
rg5425 2017 6 29 15 17 0.00556
rg5425 2017 6 29 15 18 0.00556
rg5425 2017 6 29 15 19 0.00556
rg5425 2017 6 29 15 20 0.00556
rg5425 2017 6 29 15 21 0.00556
rg5425 2017 6 29 15 22 0.00556
rg5425 2017 6 29 15 23 0.00556
rg5425 2017 6 29 15 24 0.00556
rg5425 2017 6 29 15 25 0.00556
rg5425 2017 6 29 15 26 0.00556
rg5425 2017 6 29 15 27 0.00556
rg5425 2017 6 29 15 28 0.00556
rg5425 2017 6 29 15 29 0.00556
rg5425 2017 6 29 15 30 0.00556
rg5425 2017 6 29 15 31 0.00556
rg5425 2017 6 29 15 32 0.00556
rg5425 2017 6 29 15 33 0.00556
rg5425 2017 6 29 15 34 0.00556
rg5425 2017 6 29 15 35 0.00556
rg5425 2017 6 29 15 36 0.00556
rg5425 2017 6 29 15 37 0.00556
rg5425 2017 6 29 15 38 0.00556
rg5425 2017 6 29 15 39 0.00556
rg5425 2017 6 29 15 40 0.00556
rg5425 2017 6 29 15 41 0.00556
rg5425 2017 6 29 15 42 0.00556
rg5425 2017 6 29 15 43 0.00556
rg5425 2017 6 29 15 44 0.00556
rg5425 2017 6 29 15 45 0.00556
rg5425 2017 6 29 15 46 0.00556
rg5425 2017 6 29 15 47 0.00556
rg5425 2017 6 29 15 48 0.00556
rg5425 2017 6 29 15 49 0.00556
rg5425 2017 6 29 15 50 0.00556
rg5425 2017 6 29 15 51 0.00556
rg5425 2017 6 29 15 52 0.00556
rg5425 2017 6 29 15 53 0.00556
rg5425 2017 6 29 15 54 0.00556
rg5425 2017 6 29 15 55 0.00556
rg5425 2017 6 29 15 56 0.00556
rg5425 2017 6 29 15 57 0.00556
rg5425 2017 6 29 15 58 0.00556
rg5425 2017 6 29 15 59 0.00556
rg5425 2017 6 29 16 0 0.00556
rg5425 2017 6 29 16 1 0.00556
rg5425 2017 6 29 16 2 0.00556
rg5425 2017 6 29 16 3 0.00556
rg5425 2017 6 29 16 4 0.00556
rg5425 2017 6 29 16 5 0.00556
rg5425 2017 6 29 16 6 0.00556
rg5425 2017 6 29 16 7 0.00556
rg5425 2017 6 29 16 8 0.00556
rg5425 2017 6 29 16 9 0.00556
rg5425 2017 6 29 16 10 0.00556
rg5425 2017 6 29 16 11 0.00556
rg5425 2017 6 29 16 12 0.00556
rg5425 2017 6 29 16 13 0.00556
rg5425 2017 6 29 16 14 0.00556
rg5425 2017 6 29 16 15 0.00556
rg5425 2017 6 29 16 16 0.00556
rg5425 2017 6 29 16 17 0.00556
rg5425 2017 6 29 16 18 0.00556
rg5425 2017 6 29 16 19 0.00556
rg5425 2017 6 29 16 20 0.00556
rg5425 2017 6 29 16 21 0.00556
rg5425 2017 6 29 16 22 0.00556
rg5425 2017 6 29 16 23 0.00556
rg5425 2017 6 29 16 24 0.00556
rg5425 2017 6 29 16 25 0.00556
rg5425 2017 6 29 16 26 0.00556
rg5425 2017 6 29 16 27 0.00556
rg5425 2017 6 29 16 28 0.00556
rg5425 2017 6 29 16 29 0.00556
rg5425 2017 6 29 16 30 0.00556
rg5425 2017 6 29 16 31 0.00556
rg5425 2017 6 29 16 32 0.00556
rg5425 2017 6 29 16 33 0.00556
rg5425 2017 6 29 16 34 0.00556
rg5425 2017 6 29 16 35 0.00556
rg5425 2017 6 29 16 36 0.00556
rg5425 2017 6 29 16 37 0.00556
rg5425 2017 6 29 16 38 0.00556
rg5425 2017 6 29 16 39 0.00556
rg5425 2017 6 29 16 40 0.00556
rg5425 2017 6 29 16 41 0.00556
rg5425 2017 6 29 16 42 0.00556
rg5425 2017 6 29 16 43 0.00556
rg5425 2017 6 29 16 44 0.00556
rg5425 2017 6 29 16 45 0.00556
rg5425 2017 6 29 16 46 0.00556
rg5425 2017 6 29 16 47 0.00556
rg5425 2017 6 29 16 48 0.00556
rg5425 2017 6 29 16 49 0.00556
rg5425 2017 6 29 16 50 0.00556
rg5425 2017 6 29 16 51 0.00556
rg5425 2017 6 29 16 52 0.00556
rg5425 2017 6 29 16 53 0.00556
rg5425 2017 6 29 16 54 0.00556
rg5425 2017 6 29 16 55 0.00556
rg5425 2017 6 29 16 56 0.00556
rg5425 2017 6 29 16 57 0.00556
rg5425 2017 6 29 16 58 0.00556
rg5425 2017 6 29 16 59 0.00556
rg5425 2017 6 29 17 0 0.00556
rg5425 2017 6 29 17 1 0.00556
rg5425 2017 6 29 17 2 0.00556
rg5425 2017 6 29 17 3 0.00556
rg5425 2017 6 29 17 4 0.00556
rg5425 2017 6 29 17 5 0.00556
rg5425 2017 6 29 17 6 0.00556
rg5425 2017 6 29 17 7 0.00556
rg5425 2017 6 29 17 8 0.00556
rg5425 2017 6 29 17 9 0.00556
rg5425 2017 6 29 17 10 0.00556
rg5425 2017 6 29 17 11 0.00556
rg5425 2017 6 29 17 12 0.00556
rg5425 2017 6 29 17 13 0.00556
rg5425 2017 6 29 17 14 0.00556
rg5425 2017 6 29 17 15 0.00556
rg5425 2017 6 29 17 16 0.00556
rg5425 2017 6 29 17 17 0.00556
rg5425 2017 6 29 17 18 0.00556
rg5425 2017 6 29 17 19 0.00556
rg5425 2017 6 29 17 20 0.00556
rg5425 2017 6 29 17 21 0.00556
rg5425 2017 6 29 17 22 0.00556
rg5425 2017 6 29 17 23 0.00556
rg5425 2017 6 29 17 24 0.00556
rg5425 2017 6 29 17 25 0.00556
rg5425 2017 6 29 17 26 0.00556
rg5425 2017 6 29 17 27 0.00556
rg5425 2017 6 29 17 28 0.00556
rg5425 2017 6 29 17 29 0.00556
rg5425 2017 6 29 17 30 0.00556
rg5425 2017 6 29 17 31 0.00556
rg5425 2017 6 29 17 32 0.00556
rg5425 2017 6 29 17 33 0.00556
rg5425 2017 6 29 17 34 0.00556
rg5425 2017 6 29 17 35 0.00556
rg5425 2017 6 29 17 36 0.00556
rg5425 2017 6 29 17 37 0.00556
rg5425 2017 6 29 17 38 0.00556
rg5425 2017 6 29 17 39 0.00556
rg5425 2017 6 29 17 40 0.00556
rg5425 2017 6 29 17 41 0.00556
rg5425 2017 6 29 17 42 0.00556
rg5425 2017 6 29 17 43 0.00556
rg5425 2017 6 29 17 44 0.00556
rg5425 2017 6 29 17 45 0.00556
rg5425 2017 6 29 17 46 0.00556
rg5425 2017 6 29 17 47 0.00556
rg5425 2017 6 29 17 48 0.00556
rg5425 2017 6 29 17 49 0.00556
rg5425 2017 6 29 17 50 0.00556
rg5425 2017 6 29 17 51 0.00556
rg5425 2017 6 29 17 52 0.00556
rg5425 2017 6 29 17 53 0.00556
rg5425 2017 6 29 17 54 0.00556
rg5425 2017 6 29 17 55 0.00556
rg5425 2017 6 29 17 56 0.00556
rg5425 2017 6 29 17 57 0.00556
rg5425 2017 6 29 17 58 0.00556
rg5425 2017 6 29 17 59 0.00556
rg5425 2017 6 29 18 0 0.00556
rg5425 2017 6 29 18 1 0.00556
rg5425 2017 6 29 18 2 0.00556
rg5425 2017 6 29 18 3 0.00556
rg5425 2017 6 29 18 4 0.00556
rg5425 2017 6 29 18 5 0.00556
rg5425 2017 6 29 18 6 0.00556
rg5425 2017 6 29 18 7 0.00556
rg5425 2017 6 29 18 8 0.00556
rg5425 2017 6 29 18 9 0.00556
rg5425 2017 6 29 18 10 0.00556
rg5425 2017 6 29 18 11 0.00556
rg5425 2017 6 29 18 12 0.00556
rg5425 2017 6 29 18 13 0.00556
rg5425 2017 6 29 18 14 0.00556
rg5425 2017 6 29 18 15 0.00556
rg5425 2017 6 29 18 16 0.00556
rg5425 2017 6 29 18 17 0.00556
rg5425 2017 6 29 18 18 0.00556
rg5425 2017 6 29 18 19 0.00556
rg5425 2017 6 29 18 20 0.00556
rg5425 2017 6 29 18 21 0.00556
rg5425 2017 6 29 18 22 0.00556
rg5425 2017 6 29 18 23 0.00556
rg5425 2017 6 29 18 24 0.00556
rg5425 2017 6 29 18 25 0.00556
rg5425 2017 6 29 18 26 0.00556
rg5425 2017 6 29 18 27 0.00556
rg5425 2017 6 29 18 28 0.00556
rg5425 2017 6 29 18 29 0.00556
rg5425 2017 6 29 18 30 0.00556
rg5425 2017 6 29 18 31 0.00556
rg5425 2017 6 29 18 32 0.00556
rg5425 2017 6 29 18 33 0.00556
rg5425 2017 6 29 18 34 0.00556
rg5425 2017 6 29 18 35 0.00556
rg5425 2017 6 29 18 36 0.00556
rg5425 2017 6 29 18 37 0.00556
rg5425 2017 6 29 18 38 0.00556
rg5425 2017 6 29 18 39 0.00556
rg5425 2017 6 29 18 40 0.00556
rg5425 2017 6 29 18 41 0.00556
rg5425 2017 6 29 18 42 0.00556
rg5425 2017 6 29 18 43 0.00556
rg5425 2017 6 29 18 44 0.00556
rg5425 2017 6 29 18 45 0.00556
rg5425 2017 6 29 18 46 0.00556
rg5425 2017 6 29 18 47 0.00556
rg5425 2017 6 29 18 48 0.00556
rg5425 2017 6 29 18 49 0.00556
rg5425 2017 6 29 18 50 0.00556
rg5425 2017 6 29 18 51 0.00556
rg5425 2017 6 29 18 52 0.00556
rg5425 2017 6 29 18 53 0.00556
rg5425 2017 6 29 18 54 0.00556
rg5425 2017 6 29 18 55 0.00556
rg5425 2017 6 29 18 56 0.00556
rg5425 2017 6 29 18 57 0.00556
rg5425 2017 6 29 18 58 0.00556
rg5425 2017 6 29 18 59 0.00556
rg5425 2017 6 29 19 0 0.00556
rg5425 2017 6 29 19 1 0.00556
rg5425 2017 6 29 19 2 0.00556
rg5425 2017 6 29 19 3 0.00556
rg5425 2017 6 29 19 4 0.00556
rg5425 2017 6 29 19 5 0.00556
rg5425 2017 6 29 19 6 0.00556
rg5425 2017 6 29 19 7 0.00556
rg5425 2017 6 29 19 8 0.00556
rg5425 2017 6 29 19 9 0.00556
rg5425 2017 6 29 19 10 0.00556
rg5425 2017 6 29 19 11 0.00556
rg5425 2017 6 29 19 12 0.00556
rg5425 2017 6 29 19 13 0.00556
rg5425 2017 6 29 19 14 0.00556
rg5425 2017 6 29 19 15 0.00556
rg5425 2017 6 29 19 16 0.00556
rg5425 2017 6 29 19 17 0.00556
rg5425 2017 6 29 19 18 0.00556
rg5425 2017 6 29 19 19 0.00556
rg5425 2017 6 29 19 20 0.00556
rg5425 2017 6 29 19 21 0.00556
rg5425 2017 6 29 19 22 0.00556
rg5425 2017 6 29 19 23 0.00556
rg5425 2017 6 29 19 24 0.00556
rg5425 2017 6 29 19 25 0.00556
rg5425 2017 6 29 19 26 0.00556
rg5425 2017 6 29 19 27 0.00556
rg5425 2017 6 29 19 28 0.00556
rg5425 2017 6 29 19 29 0.00556
rg5425 2017 6 29 19 30 0.00556
rg5425 2017 6 29 19 31 0.00556
rg5425 2017 6 29 19 32 0.00556
rg5425 2017 6 29 19 33 0.00556
rg5425 2017 6 29 19 34 0.00556
rg5425 2017 6 29 19 35 0.00556
rg5425 2017 6 29 19 36 0.00556
rg5425 2017 6 29 19 37 0.00556
rg5425 2017 6 29 19 38 0.00556
rg5425 2017 6 29 19 39 0.00556
rg5425 2017 6 29 19 40 0.00556
rg5425 2017 6 29 19 41 0.00556
rg5425 2017 6 29 19 42 0.00556
rg5425 2017 6 29 19 43 0.00556
rg5425 2017 6 29 19 44 0.00556
rg5425 2017 6 29 19 45 0.00556
rg5425 2017 6 29 19 46 0.00556
rg5425 2017 6 29 19 47 0.00556
rg5425 2017 6 29 19 48 0.00556
rg5425 2017 6 29 19 49 0.00556
rg5425 2017 6 29 19 50 0.00556
rg5425 2017 6 29 19 51 0.00556
rg5425 2017 6 29 19 52 0.00556
rg5425 2017 6 29 19 53 0.00556
rg5425 2017 6 29 19 54 0.00556
rg5425 2017 6 29 19 55 0.00556
rg5425 2017 6 29 19 56 0.00556
rg5425 2017 6 29 19 57 0.00556
rg5425 2017 6 29 19 58 0.00556
rg5425 2017 6 29 19 59 0.00556
rg5425 2017 6 29 20 0 0.00556
rg5425 2017 6 29 20 1 0.00556
rg5425 2017 6 29 20 2 0.00556
rg5425 2017 6 29 20 3 0.00556
rg5425 2017 6 29 20 4 0.00556
rg5425 2017 6 29 20 5 0.00556
rg5425 2017 6 29 20 6 0.00556
rg5425 2017 6 29 20 7 0.00556
rg5425 2017 6 29 20 8 0.00556
rg5425 2017 6 29 20 9 0.00556
rg5425 2017 6 29 20 10 0.00556
rg5425 2017 6 29 20 11 0.00556
rg5425 2017 6 29 20 12 0.00556
rg5425 2017 6 29 20 13 0.00556
rg5425 2017 6 29 20 14 0.00556
rg5425 2017 6 29 20 15 0.00556
rg5425 2017 6 29 20 16 0.00556
rg5425 2017 6 29 20 17 0.00556
rg5425 2017 6 29 20 18 0.00556
rg5425 2017 6 29 20 19 0.00556
rg5425 2017 6 29 20 20 0.00556
rg5425 2017 6 29 20 21 0.00556
rg5425 2017 6 29 20 22 0.00556
rg5425 2017 6 29 20 23 0.00556
rg5425 2017 6 29 20 24 0.00556
rg5425 2017 6 29 20 25 0.00556
rg5425 2017 6 29 20 26 0.00556
rg5425 2017 6 29 20 27 0.00556
rg5425 2017 6 29 20 28 0.00556
rg5425 2017 6 29 20 29 0.00556
rg5425 2017 6 29 20 30 0.00556
rg5425 2017 6 29 20 31 0.00556
rg5425 2017 6 29 20 32 0.00556
rg5425 2017 6 29 20 33 0.00556
rg5425 2017 6 29 20 34 0.00556
rg5425 2017 6 29 20 35 0.00556
rg5425 2017 6 29 20 36 0.00556
rg5425 2017 6 29 20 37 0.00556
rg5425 2017 6 29 20 38 0.00556
rg5425 2017 6 29 20 39 0.00556
rg5425 2017 6 29 20 40 0.00556
rg5425 2017 6 29 20 41 0.00556
rg5425 2017 6 29 20 42 0.00556
rg5425 2017 6 29 20 43 0.00556
rg5425 2017 6 29 20 44 0.00556
rg5425 2017 6 29 20 45 0.00556
rg5425 2017 6 29 20 46 0.00556
rg5425 2017 6 29 20 47 0.00556
rg5425 2017 6 29 20 48 0.00556
rg5425 2017 6 29 20 49 0.00556
rg5425 2017 6 29 20 50 0.00556
rg5425 2017 6 29 20 51 0.00556
rg5425 2017 6 29 20 52 0.00556
rg5425 2017 6 29 20 53 0.00556
rg5425 2017 6 29 20 54 0.00556
rg5425 2017 6 29 20 55 0.00556
rg5425 2017 6 29 20 56 0.00556
rg5425 2017 6 29 20 57 0.00556
rg5425 2017 6 29 20 58 0.00556
rg5425 2017 6 29 20 59 0.00556
rg5425 2017 6 29 21 0 0.00556
rg5425 2017 6 29 21 1 0.00556
rg5425 2017 6 29 21 2 0.00556
rg5425 2017 6 29 21 3 0.00556
rg5425 2017 6 29 21 4 0.00556
rg5425 2017 6 29 21 5 0.00556
rg5425 2017 6 29 21 6 0.00556
rg5425 2017 6 29 21 7 0.00556
rg5425 2017 6 29 21 8 0.00556
rg5425 2017 6 29 21 9 0.00556
rg5425 2017 6 29 21 10 0.00556
rg5425 2017 6 29 21 11 0.00556
rg5425 2017 6 29 21 12 0.00556
rg5425 2017 6 29 21 13 0.00556
rg5425 2017 6 29 21 14 0.00556
rg5425 2017 6 29 21 15 0.00556
rg5425 2017 6 29 21 16 0.00556
rg5425 2017 6 29 21 17 0.00556
rg5425 2017 6 29 21 18 0.00556
rg5425 2017 6 29 21 19 0.00556
rg5425 2017 6 29 21 20 0.00556
rg5425 2017 6 29 21 21 0.00556
rg5425 2017 6 29 21 22 0.00556
rg5425 2017 6 29 21 23 0.00556
rg5425 2017 6 29 21 24 0.00556
rg5425 2017 6 29 21 25 0.00556
rg5425 2017 6 29 21 26 0.00556
rg5425 2017 6 29 21 27 0.00556
rg5425 2017 6 29 21 28 0.00556
rg5425 2017 6 29 21 29 0.00556
rg5425 2017 6 29 21 30 0.00556
rg5425 2017 6 29 21 31 0.00556
rg5425 2017 6 29 21 32 0.00556
rg5425 2017 6 29 21 33 0.00556
rg5425 2017 6 29 21 34 0.00556
rg5425 2017 6 29 21 35 0.00556
rg5425 2017 6 29 21 36 0.00556
rg5425 2017 6 29 21 37 0.00556
rg5425 2017 6 29 21 38 0.00556
rg5425 2017 6 29 21 39 0.00556
rg5425 2017 6 29 21 40 0.00556
rg5425 2017 6 29 21 41 0.00556
rg5425 2017 6 29 21 42 0.00556
rg5425 2017 6 29 21 43 0.00556
rg5425 2017 6 29 21 44 0.00556
rg5425 2017 6 29 21 45 0.00556
rg5425 2017 6 29 21 46 0.00556
rg5425 2017 6 29 21 47 0.00556
rg5425 2017 6 29 21 48 0.00556
rg5425 2017 6 29 21 49 0.00556
rg5425 2017 6 29 21 50 0.00556
rg5425 2017 6 29 21 51 0.00556
rg5425 2017 6 29 21 52 0.00556
rg5425 2017 6 29 21 53 0.00556
rg5425 2017 6 29 21 54 0.00556
rg5425 2017 6 29 21 55 0.00556
rg5425 2017 6 29 21 56 0.00556
rg5425 2017 6 29 21 57 0.00556
rg5425 2017 6 29 21 58 0.00556
rg5425 2017 6 29 21 59 0.00556
rg5425 2017 6 29 22 0 0.00556
rg5425 2017 6 29 22 1 0.00556
rg5425 2017 6 29 22 2 0.00556
rg5425 2017 6 29 22 3 0.00556
rg5425 2017 6 29 22 4 0.00556
rg5425 2017 6 29 22 5 0.00556
rg5425 2017 6 29 22 6 0.00556
rg5425 2017 6 29 22 7 0.00556
rg5425 2017 6 29 22 8 0.00556
rg5425 2017 6 29 22 9 0.00556
rg5425 2017 6 29 22 10 0.00556
rg5425 2017 6 29 22 11 0.00556
rg5425 2017 6 29 22 12 0.00556
rg5425 2017 6 29 22 13 0.00556
rg5425 2017 6 29 22 14 0.00556
rg5425 2017 6 29 22 15 0.00556
rg5425 2017 6 29 22 16 0.00556
rg5425 2017 6 29 22 17 0.00556
rg5425 2017 6 29 22 18 0.00556
rg5425 2017 6 29 22 19 0.00556
rg5425 2017 6 29 22 20 0.00556
rg5425 2017 6 29 22 21 0.00556
rg5425 2017 6 29 22 22 0.00556
rg5425 2017 6 29 22 23 0.00556
rg5425 2017 6 29 22 24 0.00556
rg5425 2017 6 29 22 25 0.00556
rg5425 2017 6 29 22 26 0.00556
rg5425 2017 6 29 22 27 0.00556
rg5425 2017 6 29 22 28 0.00556
rg5425 2017 6 29 22 29 0.00556
rg5425 2017 6 29 22 30 0.00556
rg5425 2017 6 29 22 31 0.00556
rg5425 2017 6 29 22 32 0.00556
rg5425 2017 6 29 22 33 0.00556
rg5425 2017 6 29 22 34 0.00556
rg5425 2017 6 29 22 35 0.00556
rg5425 2017 6 29 22 36 0.00556
rg5425 2017 6 29 22 37 0.00556
rg5425 2017 6 29 22 38 0.00556
rg5425 2017 6 29 22 39 0.00556
rg5425 2017 6 29 22 40 0.00556
rg5425 2017 6 29 22 41 0.00556
rg5425 2017 6 29 22 42 0.00556
rg5425 2017 6 29 22 43 0.00556
rg5425 2017 6 29 22 44 0.00556
rg5425 2017 6 29 22 45 0.00556
rg5425 2017 6 29 22 46 0.00556
rg5425 2017 6 29 22 47 0.00556
rg5425 2017 6 29 22 48 0.00556
rg5425 2017 6 29 22 49 0.00556
rg5425 2017 6 29 22 50 0.00556
rg5425 2017 6 29 22 51 0.00556
rg5425 2017 6 29 22 52 0.00556
rg5425 2017 6 29 22 53 0.00556
rg5425 2017 6 29 22 54 0.00556
rg5425 2017 6 29 22 55 0.00556
rg5425 2017 6 29 22 56 0.00556
rg5425 2017 6 29 22 57 0.00556
rg5425 2017 6 29 22 58 0.00556
rg5425 2017 6 29 22 59 0.00556
rg5425 2017 6 29 23 0 0.00556
rg5425 2017 6 29 23 1 0.00556
rg5425 2017 6 29 23 2 0.00556
rg5425 2017 6 29 23 3 0.00556
rg5425 2017 6 29 23 4 0.00556
rg5425 2017 6 29 23 5 0.00556
rg5425 2017 6 29 23 6 0.00556
rg5425 2017 6 29 23 7 0.00556
rg5425 2017 6 29 23 8 0.00556
rg5425 2017 6 29 23 9 0.00556
rg5425 2017 6 29 23 10 0.00556
rg5425 2017 6 29 23 11 0.00556
rg5425 2017 6 29 23 12 0.00556
rg5425 2017 6 29 23 13 0.00556
rg5425 2017 6 29 23 14 0.00556
rg5425 2017 6 29 23 15 0.00556
rg5425 2017 6 29 23 16 0.00556
rg5425 2017 6 29 23 17 0.00556
rg5425 2017 6 29 23 18 0.00556
rg5425 2017 6 29 23 19 0.00556
rg5425 2017 6 29 23 20 0.00556
rg5425 2017 6 29 23 21 0.00556
rg5425 2017 6 29 23 22 0.00556
rg5425 2017 6 29 23 23 0.00556
rg5425 2017 6 29 23 24 0.00556
rg5425 2017 6 29 23 25 0.00556
rg5425 2017 6 29 23 26 0.00556
rg5425 2017 6 29 23 27 0.00556
rg5425 2017 6 29 23 28 0.00556
rg5425 2017 6 29 23 29 0.00556
rg5425 2017 6 29 23 30 0.00556
rg5425 2017 6 29 23 31 0.00556
rg5425 2017 6 29 23 32 0.00556
rg5425 2017 6 29 23 33 0.00556
rg5425 2017 6 29 23 34 0.00556
rg5425 2017 6 29 23 35 0.00556
rg5425 2017 6 29 23 36 0.00556
rg5425 2017 6 29 23 37 0.00556
rg5425 2017 6 29 23 38 0.00556
rg5425 2017 6 29 23 39 0.00556
rg5425 2017 6 29 23 40 0.00556
rg5425 2017 6 29 23 41 0.00556
rg5425 2017 6 29 23 42 0.00556
rg5425 2017 6 29 23 43 0.00556
rg5425 2017 6 29 23 44 0.00556
rg5425 2017 6 29 23 45 0.00556
rg5425 2017 6 29 23 46 0.00556
rg5425 2017 6 29 23 47 0.00556
rg5425 2017 6 29 23 48 0.00556
rg5425 2017 6 29 23 49 0.00556
rg5425 2017 6 29 23 50 0.00556
rg5425 2017 6 29 23 51 0.00556
rg5425 2017 6 29 23 52 0.00556
rg5425 2017 6 29 23 53 0.00556
rg5425 2017 6 29 23 54 0.00556
rg5425 2017 6 29 23 55 0.00556
rg5425 2017 6 29 23 56 0.00556
rg5425 2017 6 29 23 57 0.00556
rg5425 2017 6 29 23 58 0.00556
rg5425 2017 6 29 23 59 -0.00084
rg5427 2017 6 29 0 0 0.00556
rg5427 2017 6 29 0 1 0.00556
rg5427 2017 6 29 0 2 0.00556
rg5427 2017 6 29 0 3 0.00556
rg5427 2017 6 29 0 4 0.00556
rg5427 2017 6 29 0 5 0.00556
rg5427 2017 6 29 0 6 0.00556
rg5427 2017 6 29 0 7 0.00556
rg5427 2017 6 29 0 8 0.00556
rg5427 2017 6 29 0 9 0.00556
rg5427 2017 6 29 0 10 0.00556
rg5427 2017 6 29 0 11 0.00556
rg5427 2017 6 29 0 12 0.00556
rg5427 2017 6 29 0 13 0.00556
rg5427 2017 6 29 0 14 0.00556
rg5427 2017 6 29 0 15 0.00556
rg5427 2017 6 29 0 16 0.00556
rg5427 2017 6 29 0 17 0.00556
rg5427 2017 6 29 0 18 0.00556
rg5427 2017 6 29 0 19 0.00556
rg5427 2017 6 29 0 20 0.00556
rg5427 2017 6 29 0 21 0.00556
rg5427 2017 6 29 0 22 0.00556
rg5427 2017 6 29 0 23 0.00556
rg5427 2017 6 29 0 24 0.00556
rg5427 2017 6 29 0 25 0.00556
rg5427 2017 6 29 0 26 0.00556
rg5427 2017 6 29 0 27 0.00556
rg5427 2017 6 29 0 28 0.00556
rg5427 2017 6 29 0 29 0.00556
rg5427 2017 6 29 0 30 0.00556
rg5427 2017 6 29 0 31 0.00556
rg5427 2017 6 29 0 32 0.00556
rg5427 2017 6 29 0 33 0.00556
rg5427 2017 6 29 0 34 0.00556
rg5427 2017 6 29 0 35 0.00556
rg5427 2017 6 29 0 36 0.00556
rg5427 2017 6 29 0 37 0.00556
rg5427 2017 6 29 0 38 0.00556
rg5427 2017 6 29 0 39 0.00556
rg5427 2017 6 29 0 40 0.00556
rg5427 2017 6 29 0 41 0.00556
rg5427 2017 6 29 0 42 0.00556
rg5427 2017 6 29 0 43 0.00556
rg5427 2017 6 29 0 44 0.00556
rg5427 2017 6 29 0 45 0.00556
rg5427 2017 6 29 0 46 0.00556
rg5427 2017 6 29 0 47 0.00556
rg5427 2017 6 29 0 48 0.00556
rg5427 2017 6 29 0 49 0.00556
rg5427 2017 6 29 0 50 0.00556
rg5427 2017 6 29 0 51 0.00556
rg5427 2017 6 29 0 52 0.00556
rg5427 2017 6 29 0 53 0.00556
rg5427 2017 6 29 0 54 0.00556
rg5427 2017 6 29 0 55 0.00556
rg5427 2017 6 29 0 56 0.00556
rg5427 2017 6 29 0 57 0.00556
rg5427 2017 6 29 0 58 0.00556
rg5427 2017 6 29 0 59 0.00556
rg5427 2017 6 29 1 0 0.00556
rg5427 2017 6 29 1 1 0.00556
rg5427 2017 6 29 1 2 0.00556
rg5427 2017 6 29 1 3 0.00556
rg5427 2017 6 29 1 4 0.00556
rg5427 2017 6 29 1 5 0.00556
rg5427 2017 6 29 1 6 0.00556
rg5427 2017 6 29 1 7 0.00556
rg5427 2017 6 29 1 8 0.00556
rg5427 2017 6 29 1 9 0.00556
rg5427 2017 6 29 1 10 0.00556
rg5427 2017 6 29 1 11 0.00556
rg5427 2017 6 29 1 12 0.00556
rg5427 2017 6 29 1 13 0.00556
rg5427 2017 6 29 1 14 0.00556
rg5427 2017 6 29 1 15 0.00556
rg5427 2017 6 29 1 16 0.00556
rg5427 2017 6 29 1 17 0.00556
rg5427 2017 6 29 1 18 0.00556
rg5427 2017 6 29 1 19 0.00556
rg5427 2017 6 29 1 20 0.00556
rg5427 2017 6 29 1 21 0.00556
rg5427 2017 6 29 1 22 0.00556
rg5427 2017 6 29 1 23 0.00556
rg5427 2017 6 29 1 24 0.00556
rg5427 2017 6 29 1 25 0.00556
rg5427 2017 6 29 1 26 0.00556
rg5427 2017 6 29 1 27 0.00556
rg5427 2017 6 29 1 28 0.00556
rg5427 2017 6 29 1 29 0.00556
rg5427 2017 6 29 1 30 0.00556
rg5427 2017 6 29 1 31 0.00556
rg5427 2017 6 29 1 32 0.00556
rg5427 2017 6 29 1 33 0.00556
rg5427 2017 6 29 1 34 0.00556
rg5427 2017 6 29 1 35 0.00556
rg5427 2017 6 29 1 36 0.00556
rg5427 2017 6 29 1 37 0.00556
rg5427 2017 6 29 1 38 0.00556
rg5427 2017 6 29 1 39 0.00556
rg5427 2017 6 29 1 40 0.00556
rg5427 2017 6 29 1 41 0.00556
rg5427 2017 6 29 1 42 0.00556
rg5427 2017 6 29 1 43 0.00556
rg5427 2017 6 29 1 44 0.00556
rg5427 2017 6 29 1 45 0.00556
rg5427 2017 6 29 1 46 0.00556
rg5427 2017 6 29 1 47 0.00556
rg5427 2017 6 29 1 48 0.00556
rg5427 2017 6 29 1 49 0.00556
rg5427 2017 6 29 1 50 0.00556
rg5427 2017 6 29 1 51 0.00556
rg5427 2017 6 29 1 52 0.00556
rg5427 2017 6 29 1 53 0.00556
rg5427 2017 6 29 1 54 0.00556
rg5427 2017 6 29 1 55 0.00556
rg5427 2017 6 29 1 56 0.00556
rg5427 2017 6 29 1 57 0.00556
rg5427 2017 6 29 1 58 0.00556
rg5427 2017 6 29 1 59 0.00556
rg5427 2017 6 29 2 0 0.00556
rg5427 2017 6 29 2 1 0.00556
rg5427 2017 6 29 2 2 0.00556
rg5427 2017 6 29 2 3 0.00556
rg5427 2017 6 29 2 4 0.00556
rg5427 2017 6 29 2 5 0.00556
rg5427 2017 6 29 2 6 0.00556
rg5427 2017 6 29 2 7 0.00556
rg5427 2017 6 29 2 8 0.00556
rg5427 2017 6 29 2 9 0.00556
rg5427 2017 6 29 2 10 0.00556
rg5427 2017 6 29 2 11 0.00556
rg5427 2017 6 29 2 12 0.00556
rg5427 2017 6 29 2 13 0.00556
rg5427 2017 6 29 2 14 0.00556
rg5427 2017 6 29 2 15 0.00556
rg5427 2017 6 29 2 16 0.00556
rg5427 2017 6 29 2 17 0.00556
rg5427 2017 6 29 2 18 0.00556
rg5427 2017 6 29 2 19 0.00556
rg5427 2017 6 29 2 20 0.00556
rg5427 2017 6 29 2 21 0.00556
rg5427 2017 6 29 2 22 0.00556
rg5427 2017 6 29 2 23 0.00556
rg5427 2017 6 29 2 24 0.00556
rg5427 2017 6 29 2 25 0.00556
rg5427 2017 6 29 2 26 0.00556
rg5427 2017 6 29 2 27 0.00556
rg5427 2017 6 29 2 28 0.00556
rg5427 2017 6 29 2 29 0.00556
rg5427 2017 6 29 2 30 0.00556
rg5427 2017 6 29 2 31 0.00556
rg5427 2017 6 29 2 32 0.00556
rg5427 2017 6 29 2 33 0.00556
rg5427 2017 6 29 2 34 0.00556
rg5427 2017 6 29 2 35 0.00556
rg5427 2017 6 29 2 36 0.00556
rg5427 2017 6 29 2 37 0.00556
rg5427 2017 6 29 2 38 0.00556
rg5427 2017 6 29 2 39 0.00556
rg5427 2017 6 29 2 40 0.00556
rg5427 2017 6 29 2 41 0.00556
rg5427 2017 6 29 2 42 0.00556
rg5427 2017 6 29 2 43 0.00556
rg5427 2017 6 29 2 44 0.00556
rg5427 2017 6 29 2 45 0.00556
rg5427 2017 6 29 2 46 0.00556
rg5427 2017 6 29 2 47 0.00556
rg5427 2017 6 29 2 48 0.00556
rg5427 2017 6 29 2 49 0.00556
rg5427 2017 6 29 2 50 0.00556
rg5427 2017 6 29 2 51 0.00556
rg5427 2017 6 29 2 52 0.00556
rg5427 2017 6 29 2 53 0.00556
rg5427 2017 6 29 2 54 0.00556
rg5427 2017 6 29 2 55 0.00556
rg5427 2017 6 29 2 56 0.00556
rg5427 2017 6 29 2 57 0.00556
rg5427 2017 6 29 2 58 0.00556
rg5427 2017 6 29 2 59 0.00556
rg5427 2017 6 29 3 0 0.00556
rg5427 2017 6 29 3 1 0.00556
rg5427 2017 6 29 3 2 0.00556
rg5427 2017 6 29 3 3 0.00556
rg5427 2017 6 29 3 4 0.00556
rg5427 2017 6 29 3 5 0.00556
rg5427 2017 6 29 3 6 0.00556
rg5427 2017 6 29 3 7 0.00556
rg5427 2017 6 29 3 8 0.00556
rg5427 2017 6 29 3 9 0.00556
rg5427 2017 6 29 3 10 0.00556
rg5427 2017 6 29 3 11 0.00556
rg5427 2017 6 29 3 12 0.00556
rg5427 2017 6 29 3 13 0.00556
rg5427 2017 6 29 3 14 0.00556
rg5427 2017 6 29 3 15 0.00556
rg5427 2017 6 29 3 16 0.00556
rg5427 2017 6 29 3 17 0.00556
rg5427 2017 6 29 3 18 0.00556
rg5427 2017 6 29 3 19 0.00556
rg5427 2017 6 29 3 20 0.00556
rg5427 2017 6 29 3 21 0.00556
rg5427 2017 6 29 3 22 0.00556
rg5427 2017 6 29 3 23 0.00556
rg5427 2017 6 29 3 24 0.00556
rg5427 2017 6 29 3 25 0.00556
rg5427 2017 6 29 3 26 0.00556
rg5427 2017 6 29 3 27 0.00556
rg5427 2017 6 29 3 28 0.00556
rg5427 2017 6 29 3 29 0.00556
rg5427 2017 6 29 3 30 0.00556
rg5427 2017 6 29 3 31 0.00556
rg5427 2017 6 29 3 32 0.00556
rg5427 2017 6 29 3 33 0.00556
rg5427 2017 6 29 3 34 0.00556
rg5427 2017 6 29 3 35 0.00556
rg5427 2017 6 29 3 36 0.00556
rg5427 2017 6 29 3 37 0.00556
rg5427 2017 6 29 3 38 0.00556
rg5427 2017 6 29 3 39 0.00556
rg5427 2017 6 29 3 40 0.00556
rg5427 2017 6 29 3 41 0.00556
rg5427 2017 6 29 3 42 0.00556
rg5427 2017 6 29 3 43 0.00556
rg5427 2017 6 29 3 44 0.00556
rg5427 2017 6 29 3 45 0.00556
rg5427 2017 6 29 3 46 0.00556
rg5427 2017 6 29 3 47 0.00556
rg5427 2017 6 29 3 48 0.00556
rg5427 2017 6 29 3 49 0.00556
rg5427 2017 6 29 3 50 0.00556
rg5427 2017 6 29 3 51 0.00556
rg5427 2017 6 29 3 52 0.00556
rg5427 2017 6 29 3 53 0.00556
rg5427 2017 6 29 3 54 0.00556
rg5427 2017 6 29 3 55 0.00556
rg5427 2017 6 29 3 56 0.00556
rg5427 2017 6 29 3 57 0.00556
rg5427 2017 6 29 3 58 0.00556
rg5427 2017 6 29 3 59 0.00556
rg5427 2017 6 29 4 0 0.00556
rg5427 2017 6 29 4 1 0.00556
rg5427 2017 6 29 4 2 0.00556
rg5427 2017 6 29 4 3 0.00556
rg5427 2017 6 29 4 4 0.00556
rg5427 2017 6 29 4 5 0.00556
rg5427 2017 6 29 4 6 0.00556
rg5427 2017 6 29 4 7 0.00556
rg5427 2017 6 29 4 8 0.00556
rg5427 2017 6 29 4 9 0.00556
rg5427 2017 6 29 4 10 0.00556
rg5427 2017 6 29 4 11 0.00556
rg5427 2017 6 29 4 12 0.00556
rg5427 2017 6 29 4 13 0.00556
rg5427 2017 6 29 4 14 0.00556
rg5427 2017 6 29 4 15 0.00556
rg5427 2017 6 29 4 16 0.00556
rg5427 2017 6 29 4 17 0.00556
rg5427 2017 6 29 4 18 0.00556
rg5427 2017 6 29 4 19 0.00556
rg5427 2017 6 29 4 20 0.00556
rg5427 2017 6 29 4 21 0.00556
rg5427 2017 6 29 4 22 0.00556
rg5427 2017 6 29 4 23 0.00556
rg5427 2017 6 29 4 24 0.00556
rg5427 2017 6 29 4 25 0.00556
rg5427 2017 6 29 4 26 0.00556
rg5427 2017 6 29 4 27 0.00556
rg5427 2017 6 29 4 28 0.00556
rg5427 2017 6 29 4 29 0.00556
rg5427 2017 6 29 4 30 0.00556
rg5427 2017 6 29 4 31 0.00556
rg5427 2017 6 29 4 32 0.00556
rg5427 2017 6 29 4 33 0.00556
rg5427 2017 6 29 4 34 0.00556
rg5427 2017 6 29 4 35 0.00556
rg5427 2017 6 29 4 36 0.00556
rg5427 2017 6 29 4 37 0.00556
rg5427 2017 6 29 4 38 0.00556
rg5427 2017 6 29 4 39 0.00556
rg5427 2017 6 29 4 40 0.00556
rg5427 2017 6 29 4 41 0.00556
rg5427 2017 6 29 4 42 0.00556
rg5427 2017 6 29 4 43 0.00556
rg5427 2017 6 29 4 44 0.00556
rg5427 2017 6 29 4 45 0.00556
rg5427 2017 6 29 4 46 0.00556
rg5427 2017 6 29 4 47 0.00556
rg5427 2017 6 29 4 48 0.00556
rg5427 2017 6 29 4 49 0.00556
rg5427 2017 6 29 4 50 0.00556
rg5427 2017 6 29 4 51 0.00556
rg5427 2017 6 29 4 52 0.00556
rg5427 2017 6 29 4 53 0.00556
rg5427 2017 6 29 4 54 0.00556
rg5427 2017 6 29 4 55 0.00556
rg5427 2017 6 29 4 56 0.00556
rg5427 2017 6 29 4 57 0.00556
rg5427 2017 6 29 4 58 0.00556
rg5427 2017 6 29 4 59 0.00556
rg5427 2017 6 29 5 0 0.00556
rg5427 2017 6 29 5 1 0.00556
rg5427 2017 6 29 5 2 0.00556
rg5427 2017 6 29 5 3 0.00556
rg5427 2017 6 29 5 4 0.00556
rg5427 2017 6 29 5 5 0.00556
rg5427 2017 6 29 5 6 0.00556
rg5427 2017 6 29 5 7 0.00556
rg5427 2017 6 29 5 8 0.00556
rg5427 2017 6 29 5 9 0.00556
rg5427 2017 6 29 5 10 0.00556
rg5427 2017 6 29 5 11 0.00556
rg5427 2017 6 29 5 12 0.00556
rg5427 2017 6 29 5 13 0.00556
rg5427 2017 6 29 5 14 0.00556
rg5427 2017 6 29 5 15 0.00556
rg5427 2017 6 29 5 16 0.00556
rg5427 2017 6 29 5 17 0.00556
rg5427 2017 6 29 5 18 0.00556
rg5427 2017 6 29 5 19 0.00556
rg5427 2017 6 29 5 20 0.00556
rg5427 2017 6 29 5 21 0.00556
rg5427 2017 6 29 5 22 0.00556
rg5427 2017 6 29 5 23 0.00556
rg5427 2017 6 29 5 24 0.00556
rg5427 2017 6 29 5 25 0.00556
rg5427 2017 6 29 5 26 0.00556
rg5427 2017 6 29 5 27 0.00556
rg5427 2017 6 29 5 28 0.00556
rg5427 2017 6 29 5 29 0.00556
rg5427 2017 6 29 5 30 0.00556
rg5427 2017 6 29 5 31 0.00556
rg5427 2017 6 29 5 32 0.00556
rg5427 2017 6 29 5 33 0.00556
rg5427 2017 6 29 5 34 0.00556
rg5427 2017 6 29 5 35 0.00556
rg5427 2017 6 29 5 36 0.00556
rg5427 2017 6 29 5 37 0.00556
rg5427 2017 6 29 5 38 0.00556
rg5427 2017 6 29 5 39 0.00556
rg5427 2017 6 29 5 40 0.00556
rg5427 2017 6 29 5 41 0.00556
rg5427 2017 6 29 5 42 0.00556
rg5427 2017 6 29 5 43 0.00556
rg5427 2017 6 29 5 44 0.00556
rg5427 2017 6 29 5 45 0.00556
rg5427 2017 6 29 5 46 0.00556
rg5427 2017 6 29 5 47 0.00556
rg5427 2017 6 29 5 48 0.00556
rg5427 2017 6 29 5 49 0.00556
rg5427 2017 6 29 5 50 0.00556
rg5427 2017 6 29 5 51 0.00556
rg5427 2017 6 29 5 52 0.00556
rg5427 2017 6 29 5 53 0.00556
rg5427 2017 6 29 5 54 0.00556
rg5427 2017 6 29 5 55 0.00556
rg5427 2017 6 29 5 56 0.00556
rg5427 2017 6 29 5 57 0.00556
rg5427 2017 6 29 5 58 0.00556
rg5427 2017 6 29 5 59 0.00556
rg5427 2017 6 29 6 0 0.00556
rg5427 2017 6 29 6 1 0.00556
rg5427 2017 6 29 6 2 0.00556
rg5427 2017 6 29 6 3 0.00556
rg5427 2017 6 29 6 4 0.00556
rg5427 2017 6 29 6 5 0.00556
rg5427 2017 6 29 6 6 0.00556
rg5427 2017 6 29 6 7 0.00556
rg5427 2017 6 29 6 8 0.00556
rg5427 2017 6 29 6 9 0.00556
rg5427 2017 6 29 6 10 0.00556
rg5427 2017 6 29 6 11 0.00556
rg5427 2017 6 29 6 12 0.00556
rg5427 2017 6 29 6 13 0.00556
rg5427 2017 6 29 6 14 0.00556
rg5427 2017 6 29 6 15 0.00556
rg5427 2017 6 29 6 16 0.00556
rg5427 2017 6 29 6 17 0.00556
rg5427 2017 6 29 6 18 0.00556
rg5427 2017 6 29 6 19 0.00556
rg5427 2017 6 29 6 20 0.00556
rg5427 2017 6 29 6 21 0.00556
rg5427 2017 6 29 6 22 0.00556
rg5427 2017 6 29 6 23 0.00556
rg5427 2017 6 29 6 24 0.00556
rg5427 2017 6 29 6 25 0.00556
rg5427 2017 6 29 6 26 0.00556
rg5427 2017 6 29 6 27 0.00556
rg5427 2017 6 29 6 28 0.00556
rg5427 2017 6 29 6 29 0.00556
rg5427 2017 6 29 6 30 0.00556
rg5427 2017 6 29 6 31 0.00556
rg5427 2017 6 29 6 32 0.00556
rg5427 2017 6 29 6 33 0.00556
rg5427 2017 6 29 6 34 0.00556
rg5427 2017 6 29 6 35 0.00556
rg5427 2017 6 29 6 36 0.00556
rg5427 2017 6 29 6 37 0.00556
rg5427 2017 6 29 6 38 0.00556
rg5427 2017 6 29 6 39 0.00556
rg5427 2017 6 29 6 40 0.00556
rg5427 2017 6 29 6 41 0.00556
rg5427 2017 6 29 6 42 0.00556
rg5427 2017 6 29 6 43 0.00556
rg5427 2017 6 29 6 44 0.00556
rg5427 2017 6 29 6 45 0.00556
rg5427 2017 6 29 6 46 0.00556
rg5427 2017 6 29 6 47 0.00556
rg5427 2017 6 29 6 48 0.00556
rg5427 2017 6 29 6 49 0.00556
rg5427 2017 6 29 6 50 0.00556
rg5427 2017 6 29 6 51 0.00556
rg5427 2017 6 29 6 52 0.00556
rg5427 2017 6 29 6 53 0.00556
rg5427 2017 6 29 6 54 0.00556
rg5427 2017 6 29 6 55 0.00556
rg5427 2017 6 29 6 56 0.00556
rg5427 2017 6 29 6 57 0.00556
rg5427 2017 6 29 6 58 0.00556
rg5427 2017 6 29 6 59 0.00556
rg5427 2017 6 29 7 0 0.00556
rg5427 2017 6 29 7 1 0.00556
rg5427 2017 6 29 7 2 0.00556
rg5427 2017 6 29 7 3 0.00556
rg5427 2017 6 29 7 4 0.00556
rg5427 2017 6 29 7 5 0.00556
rg5427 2017 6 29 7 6 0.00556
rg5427 2017 6 29 7 7 0.00556
rg5427 2017 6 29 7 8 0.00556
rg5427 2017 6 29 7 9 0.00556
rg5427 2017 6 29 7 10 0.00556
rg5427 2017 6 29 7 11 0.00556
rg5427 2017 6 29 7 12 0.00556
rg5427 2017 6 29 7 13 0.00556
rg5427 2017 6 29 7 14 0.00556
rg5427 2017 6 29 7 15 0.00556
rg5427 2017 6 29 7 16 0.00556
rg5427 2017 6 29 7 17 0.00556
rg5427 2017 6 29 7 18 0.00556
rg5427 2017 6 29 7 19 0.00556
rg5427 2017 6 29 7 20 0.00556
rg5427 2017 6 29 7 21 0.00556
rg5427 2017 6 29 7 22 0.00556
rg5427 2017 6 29 7 23 0.00556
rg5427 2017 6 29 7 24 0.00556
rg5427 2017 6 29 7 25 0.00556
rg5427 2017 6 29 7 26 0.00556
rg5427 2017 6 29 7 27 0.00556
rg5427 2017 6 29 7 28 0.00556
rg5427 2017 6 29 7 29 0.00556
rg5427 2017 6 29 7 30 0.00556
rg5427 2017 6 29 7 31 0.00556
rg5427 2017 6 29 7 32 0.00556
rg5427 2017 6 29 7 33 0.00556
rg5427 2017 6 29 7 34 0.00556
rg5427 2017 6 29 7 35 0.00556
rg5427 2017 6 29 7 36 0.00556
rg5427 2017 6 29 7 37 0.00556
rg5427 2017 6 29 7 38 0.00556
rg5427 2017 6 29 7 39 0.00556
rg5427 2017 6 29 7 40 0.00556
rg5427 2017 6 29 7 41 0.00556
rg5427 2017 6 29 7 42 0.00556
rg5427 2017 6 29 7 43 0.00556
rg5427 2017 6 29 7 44 0.00556
rg5427 2017 6 29 7 45 0.00556
rg5427 2017 6 29 7 46 0.00556
rg5427 2017 6 29 7 47 0.00556
rg5427 2017 6 29 7 48 0.00556
rg5427 2017 6 29 7 49 0.00556
rg5427 2017 6 29 7 50 0.00556
rg5427 2017 6 29 7 51 0.00556
rg5427 2017 6 29 7 52 0.00556
rg5427 2017 6 29 7 53 0.00556
rg5427 2017 6 29 7 54 0.00556
rg5427 2017 6 29 7 55 0.00556
rg5427 2017 6 29 7 56 0.00556
rg5427 2017 6 29 7 57 0.00556
rg5427 2017 6 29 7 58 0.00556
rg5427 2017 6 29 7 59 0.00556
rg5427 2017 6 29 8 0 0.00556
rg5427 2017 6 29 8 1 0.00556
rg5427 2017 6 29 8 2 0.00556
rg5427 2017 6 29 8 3 0.00556
rg5427 2017 6 29 8 4 0.00556
rg5427 2017 6 29 8 5 0.00556
rg5427 2017 6 29 8 6 0.00556
rg5427 2017 6 29 8 7 0.00556
rg5427 2017 6 29 8 8 0.00556
rg5427 2017 6 29 8 9 0.00556
rg5427 2017 6 29 8 10 0.00556
rg5427 2017 6 29 8 11 0.00556
rg5427 2017 6 29 8 12 0.00556
rg5427 2017 6 29 8 13 0.00556
rg5427 2017 6 29 8 14 0.00556
rg5427 2017 6 29 8 15 0.00556
rg5427 2017 6 29 8 16 0.00556
rg5427 2017 6 29 8 17 0.00556
rg5427 2017 6 29 8 18 0.00556
rg5427 2017 6 29 8 19 0.00556
rg5427 2017 6 29 8 20 0.00556
rg5427 2017 6 29 8 21 0.00556
rg5427 2017 6 29 8 22 0.00556
rg5427 2017 6 29 8 23 0.00556
rg5427 2017 6 29 8 24 0.00556
rg5427 2017 6 29 8 25 0.00556
rg5427 2017 6 29 8 26 0.00556
rg5427 2017 6 29 8 27 0.00556
rg5427 2017 6 29 8 28 0.00556
rg5427 2017 6 29 8 29 0.00556
rg5427 2017 6 29 8 30 0.00556
rg5427 2017 6 29 8 31 0.00556
rg5427 2017 6 29 8 32 0.00556
rg5427 2017 6 29 8 33 0.00556
rg5427 2017 6 29 8 34 0.00556
rg5427 2017 6 29 8 35 0.00556
rg5427 2017 6 29 8 36 0.00556
rg5427 2017 6 29 8 37 0.00556
rg5427 2017 6 29 8 38 0.00556
rg5427 2017 6 29 8 39 0.00556
rg5427 2017 6 29 8 40 0.00556
rg5427 2017 6 29 8 41 0.00556
rg5427 2017 6 29 8 42 0.00556
rg5427 2017 6 29 8 43 0.00556
rg5427 2017 6 29 8 44 0.00556
rg5427 2017 6 29 8 45 0.00556
rg5427 2017 6 29 8 46 0.00556
rg5427 2017 6 29 8 47 0.00556
rg5427 2017 6 29 8 48 0.00556
rg5427 2017 6 29 8 49 0.00556
rg5427 2017 6 29 8 50 0.00556
rg5427 2017 6 29 8 51 0.00556
rg5427 2017 6 29 8 52 0.00556
rg5427 2017 6 29 8 53 0.00556
rg5427 2017 6 29 8 54 0.00556
rg5427 2017 6 29 8 55 0.00556
rg5427 2017 6 29 8 56 0.00556
rg5427 2017 6 29 8 57 0.00556
rg5427 2017 6 29 8 58 0.00556
rg5427 2017 6 29 8 59 0.00556
rg5427 2017 6 29 9 0 0.00556
rg5427 2017 6 29 9 1 0.00556
rg5427 2017 6 29 9 2 0.00556
rg5427 2017 6 29 9 3 0.00556
rg5427 2017 6 29 9 4 0.00556
rg5427 2017 6 29 9 5 0.00556
rg5427 2017 6 29 9 6 0.00556
rg5427 2017 6 29 9 7 0.00556
rg5427 2017 6 29 9 8 0.00556
rg5427 2017 6 29 9 9 0.00556
rg5427 2017 6 29 9 10 0.00556
rg5427 2017 6 29 9 11 0.00556
rg5427 2017 6 29 9 12 0.00556
rg5427 2017 6 29 9 13 0.00556
rg5427 2017 6 29 9 14 0.00556
rg5427 2017 6 29 9 15 0.00556
rg5427 2017 6 29 9 16 0.00556
rg5427 2017 6 29 9 17 0.00556
rg5427 2017 6 29 9 18 0.00556
rg5427 2017 6 29 9 19 0.00556
rg5427 2017 6 29 9 20 0.00556
rg5427 2017 6 29 9 21 0.00556
rg5427 2017 6 29 9 22 0.00556
rg5427 2017 6 29 9 23 0.00556
rg5427 2017 6 29 9 24 0.00556
rg5427 2017 6 29 9 25 0.00556
rg5427 2017 6 29 9 26 0.00556
rg5427 2017 6 29 9 27 0.00556
rg5427 2017 6 29 9 28 0.00556
rg5427 2017 6 29 9 29 0.00556
rg5427 2017 6 29 9 30 0.00556
rg5427 2017 6 29 9 31 0.00556
rg5427 2017 6 29 9 32 0.00556
rg5427 2017 6 29 9 33 0.00556
rg5427 2017 6 29 9 34 0.00556
rg5427 2017 6 29 9 35 0.00556
rg5427 2017 6 29 9 36 0.00556
rg5427 2017 6 29 9 37 0.00556
rg5427 2017 6 29 9 38 0.00556
rg5427 2017 6 29 9 39 0.00556
rg5427 2017 6 29 9 40 0.00556
rg5427 2017 6 29 9 41 0.00556
rg5427 2017 6 29 9 42 0.00556
rg5427 2017 6 29 9 43 0.00556
rg5427 2017 6 29 9 44 0.00556
rg5427 2017 6 29 9 45 0.00556
rg5427 2017 6 29 9 46 0.00556
rg5427 2017 6 29 9 47 0.00556
rg5427 2017 6 29 9 48 0.00556
rg5427 2017 6 29 9 49 0.00556
rg5427 2017 6 29 9 50 0.00556
rg5427 2017 6 29 9 51 0.00556
rg5427 2017 6 29 9 52 0.00556
rg5427 2017 6 29 9 53 0.00556
rg5427 2017 6 29 9 54 0.00556
rg5427 2017 6 29 9 55 0.00556
rg5427 2017 6 29 9 56 0.00556
rg5427 2017 6 29 9 57 0.00556
rg5427 2017 6 29 9 58 0.00556
rg5427 2017 6 29 9 59 0.00556
rg5427 2017 6 29 10 0 0.00556
rg5427 2017 6 29 10 1 0.00556
rg5427 2017 6 29 10 2 0.00556
rg5427 2017 6 29 10 3 0.00556
rg5427 2017 6 29 10 4 0.00556
rg5427 2017 6 29 10 5 0.00556
rg5427 2017 6 29 10 6 0.00556
rg5427 2017 6 29 10 7 0.00556
rg5427 2017 6 29 10 8 0.00556
rg5427 2017 6 29 10 9 0.00556
rg5427 2017 6 29 10 10 0.00556
rg5427 2017 6 29 10 11 0.00556
rg5427 2017 6 29 10 12 0.00556
rg5427 2017 6 29 10 13 0.00556
rg5427 2017 6 29 10 14 0.00556
rg5427 2017 6 29 10 15 0.00556
rg5427 2017 6 29 10 16 0.00556
rg5427 2017 6 29 10 17 0.00556
rg5427 2017 6 29 10 18 0.00556
rg5427 2017 6 29 10 19 0.00556
rg5427 2017 6 29 10 20 0.00556
rg5427 2017 6 29 10 21 0.00556
rg5427 2017 6 29 10 22 0.00556
rg5427 2017 6 29 10 23 0.00556
rg5427 2017 6 29 10 24 0.00556
rg5427 2017 6 29 10 25 0.00556
rg5427 2017 6 29 10 26 0.00556
rg5427 2017 6 29 10 27 0.00556
rg5427 2017 6 29 10 28 0.00556
rg5427 2017 6 29 10 29 0.00556
rg5427 2017 6 29 10 30 0.00556
rg5427 2017 6 29 10 31 0.00556
rg5427 2017 6 29 10 32 0.00556
rg5427 2017 6 29 10 33 0.00556
rg5427 2017 6 29 10 34 0.00556
rg5427 2017 6 29 10 35 0.00556
rg5427 2017 6 29 10 36 0.00556
rg5427 2017 6 29 10 37 0.00556
rg5427 2017 6 29 10 38 0.00556
rg5427 2017 6 29 10 39 0.00556
rg5427 2017 6 29 10 40 0.00556
rg5427 2017 6 29 10 41 0.00556
rg5427 2017 6 29 10 42 0.00556
rg5427 2017 6 29 10 43 0.00556
rg5427 2017 6 29 10 44 0.00556
rg5427 2017 6 29 10 45 0.00556
rg5427 2017 6 29 10 46 0.00556
rg5427 2017 6 29 10 47 0.00556
rg5427 2017 6 29 10 48 0.00556
rg5427 2017 6 29 10 49 0.00556
rg5427 2017 6 29 10 50 0.00556
rg5427 2017 6 29 10 51 0.00556
rg5427 2017 6 29 10 52 0.00556
rg5427 2017 6 29 10 53 0.00556
rg5427 2017 6 29 10 54 0.00556
rg5427 2017 6 29 10 55 0.00556
rg5427 2017 6 29 10 56 0.00556
rg5427 2017 6 29 10 57 0.00556
rg5427 2017 6 29 10 58 0.00556
rg5427 2017 6 29 10 59 0.00556
rg5427 2017 6 29 11 0 0.00556
rg5427 2017 6 29 11 1 0.00556
rg5427 2017 6 29 11 2 0.00556
rg5427 2017 6 29 11 3 0.00556
rg5427 2017 6 29 11 4 0.00556
rg5427 2017 6 29 11 5 0.00556
rg5427 2017 6 29 11 6 0.00556
rg5427 2017 6 29 11 7 0.00556
rg5427 2017 6 29 11 8 0.00556
rg5427 2017 6 29 11 9 0.00556
rg5427 2017 6 29 11 10 0.00556
rg5427 2017 6 29 11 11 0.00556
rg5427 2017 6 29 11 12 0.00556
rg5427 2017 6 29 11 13 0.00556
rg5427 2017 6 29 11 14 0.00556
rg5427 2017 6 29 11 15 0.00556
rg5427 2017 6 29 11 16 0.00556
rg5427 2017 6 29 11 17 0.00556
rg5427 2017 6 29 11 18 0.00556
rg5427 2017 6 29 11 19 0.00556
rg5427 2017 6 29 11 20 0.00556
rg5427 2017 6 29 11 21 0.00556
rg5427 2017 6 29 11 22 0.00556
rg5427 2017 6 29 11 23 0.00556
rg5427 2017 6 29 11 24 0.00556
rg5427 2017 6 29 11 25 0.00556
rg5427 2017 6 29 11 26 0.00556
rg5427 2017 6 29 11 27 0.00556
rg5427 2017 6 29 11 28 0.00556
rg5427 2017 6 29 11 29 0.00556
rg5427 2017 6 29 11 30 0.00556
rg5427 2017 6 29 11 31 0.00556
rg5427 2017 6 29 11 32 0.00556
rg5427 2017 6 29 11 33 0.00556
rg5427 2017 6 29 11 34 0.00556
rg5427 2017 6 29 11 35 0.00556
rg5427 2017 6 29 11 36 0.00556
rg5427 2017 6 29 11 37 0.00556
rg5427 2017 6 29 11 38 0.00556
rg5427 2017 6 29 11 39 0.00556
rg5427 2017 6 29 11 40 0.00556
rg5427 2017 6 29 11 41 0.00556
rg5427 2017 6 29 11 42 0.00556
rg5427 2017 6 29 11 43 0.00556
rg5427 2017 6 29 11 44 0.00556
rg5427 2017 6 29 11 45 0.00556
rg5427 2017 6 29 11 46 0.00556
rg5427 2017 6 29 11 47 0.00556
rg5427 2017 6 29 11 48 0.00556
rg5427 2017 6 29 11 49 0.00556
rg5427 2017 6 29 11 50 0.00556
rg5427 2017 6 29 11 51 0.00556
rg5427 2017 6 29 11 52 0.00556
rg5427 2017 6 29 11 53 0.00556
rg5427 2017 6 29 11 54 0.00556
rg5427 2017 6 29 11 55 0.00556
rg5427 2017 6 29 11 56 0.00556
rg5427 2017 6 29 11 57 0.00556
rg5427 2017 6 29 11 58 0.00556
rg5427 2017 6 29 11 59 0.00556
rg5427 2017 6 29 12 0 0.00556
rg5427 2017 6 29 12 1 0.00556
rg5427 2017 6 29 12 2 0.00556
rg5427 2017 6 29 12 3 0.00556
rg5427 2017 6 29 12 4 0.00556
rg5427 2017 6 29 12 5 0.00556
rg5427 2017 6 29 12 6 0.00556
rg5427 2017 6 29 12 7 0.00556
rg5427 2017 6 29 12 8 0.00556
rg5427 2017 6 29 12 9 0.00556
rg5427 2017 6 29 12 10 0.00556
rg5427 2017 6 29 12 11 0.00556
rg5427 2017 6 29 12 12 0.00556
rg5427 2017 6 29 12 13 0.00556
rg5427 2017 6 29 12 14 0.00556
rg5427 2017 6 29 12 15 0.00556
rg5427 2017 6 29 12 16 0.00556
rg5427 2017 6 29 12 17 0.00556
rg5427 2017 6 29 12 18 0.00556
rg5427 2017 6 29 12 19 0.00556
rg5427 2017 6 29 12 20 0.00556
rg5427 2017 6 29 12 21 0.00556
rg5427 2017 6 29 12 22 0.00556
rg5427 2017 6 29 12 23 0.00556
rg5427 2017 6 29 12 24 0.00556
rg5427 2017 6 29 12 25 0.00556
rg5427 2017 6 29 12 26 0.00556
rg5427 2017 6 29 12 27 0.00556
rg5427 2017 6 29 12 28 0.00556
rg5427 2017 6 29 12 29 0.00556
rg5427 2017 6 29 12 30 0.00556
rg5427 2017 6 29 12 31 0.00556
rg5427 2017 6 29 12 32 0.00556
rg5427 2017 6 29 12 33 0.00556
rg5427 2017 6 29 12 34 0.00556
rg5427 2017 6 29 12 35 0.00556
rg5427 2017 6 29 12 36 0.00556
rg5427 2017 6 29 12 37 0.00556
rg5427 2017 6 29 12 38 0.00556
rg5427 2017 6 29 12 39 0.00556
rg5427 2017 6 29 12 40 0.00556
rg5427 2017 6 29 12 41 0.00556
rg5427 2017 6 29 12 42 0.00556
rg5427 2017 6 29 12 43 0.00556
rg5427 2017 6 29 12 44 0.00556
rg5427 2017 6 29 12 45 0.00556
rg5427 2017 6 29 12 46 0.00556
rg5427 2017 6 29 12 47 0.00556
rg5427 2017 6 29 12 48 0.00556
rg5427 2017 6 29 12 49 0.00556
rg5427 2017 6 29 12 50 0.00556
rg5427 2017 6 29 12 51 0.00556
rg5427 2017 6 29 12 52 0.00556
rg5427 2017 6 29 12 53 0.00556
rg5427 2017 6 29 12 54 0.00556
rg5427 2017 6 29 12 55 0.00556
rg5427 2017 6 29 12 56 0.00556
rg5427 2017 6 29 12 57 0.00556
rg5427 2017 6 29 12 58 0.00556
rg5427 2017 6 29 12 59 0.00556
rg5427 2017 6 29 13 0 0.00556
rg5427 2017 6 29 13 1 0.00556
rg5427 2017 6 29 13 2 0.00556
rg5427 2017 6 29 13 3 0.00556
rg5427 2017 6 29 13 4 0.00556
rg5427 2017 6 29 13 5 0.00556
rg5427 2017 6 29 13 6 0.00556
rg5427 2017 6 29 13 7 0.00556
rg5427 2017 6 29 13 8 0.00556
rg5427 2017 6 29 13 9 0.00556
rg5427 2017 6 29 13 10 0.00556
rg5427 2017 6 29 13 11 0.00556
rg5427 2017 6 29 13 12 0.00556
rg5427 2017 6 29 13 13 0.00556
rg5427 2017 6 29 13 14 0.00556
rg5427 2017 6 29 13 15 0.00556
rg5427 2017 6 29 13 16 0.00556
rg5427 2017 6 29 13 17 0.00556
rg5427 2017 6 29 13 18 0.00556
rg5427 2017 6 29 13 19 0.00556
rg5427 2017 6 29 13 20 0.00556
rg5427 2017 6 29 13 21 0.00556
rg5427 2017 6 29 13 22 0.00556
rg5427 2017 6 29 13 23 0.00556
rg5427 2017 6 29 13 24 0.00556
rg5427 2017 6 29 13 25 0.00556
rg5427 2017 6 29 13 26 0.00556
rg5427 2017 6 29 13 27 0.00556
rg5427 2017 6 29 13 28 0.00556
rg5427 2017 6 29 13 29 0.00556
rg5427 2017 6 29 13 30 0.00556
rg5427 2017 6 29 13 31 0.00556
rg5427 2017 6 29 13 32 0.00556
rg5427 2017 6 29 13 33 0.00556
rg5427 2017 6 29 13 34 0.00556
rg5427 2017 6 29 13 35 0.00556
rg5427 2017 6 29 13 36 0.00556
rg5427 2017 6 29 13 37 0.00556
rg5427 2017 6 29 13 38 0.00556
rg5427 2017 6 29 13 39 0.00556
rg5427 2017 6 29 13 40 0.00556
rg5427 2017 6 29 13 41 0.00556
rg5427 2017 6 29 13 42 0.00556
rg5427 2017 6 29 13 43 0.00556
rg5427 2017 6 29 13 44 0.00556
rg5427 2017 6 29 13 45 0.00556
rg5427 2017 6 29 13 46 0.00556
rg5427 2017 6 29 13 47 0.00556
rg5427 2017 6 29 13 48 0.00556
rg5427 2017 6 29 13 49 0.00556
rg5427 2017 6 29 13 50 0.00556
rg5427 2017 6 29 13 51 0.00556
rg5427 2017 6 29 13 52 0.00556
rg5427 2017 6 29 13 53 0.00556
rg5427 2017 6 29 13 54 0.00556
rg5427 2017 6 29 13 55 0.00556
rg5427 2017 6 29 13 56 0.00556
rg5427 2017 6 29 13 57 0.00556
rg5427 2017 6 29 13 58 0.00556
rg5427 2017 6 29 13 59 0.00556
rg5427 2017 6 29 14 0 0.00556
rg5427 2017 6 29 14 1 0.00556
rg5427 2017 6 29 14 2 0.00556
rg5427 2017 6 29 14 3 0.00556
rg5427 2017 6 29 14 4 0.00556
rg5427 2017 6 29 14 5 0.00556
rg5427 2017 6 29 14 6 0.00556
rg5427 2017 6 29 14 7 0.00556
rg5427 2017 6 29 14 8 0.00556
rg5427 2017 6 29 14 9 0.00556
rg5427 2017 6 29 14 10 0.00556
rg5427 2017 6 29 14 11 0.00556
rg5427 2017 6 29 14 12 0.00556
rg5427 2017 6 29 14 13 0.00556
rg5427 2017 6 29 14 14 0.00556
rg5427 2017 6 29 14 15 0.00556
rg5427 2017 6 29 14 16 0.00556
rg5427 2017 6 29 14 17 0.00556
rg5427 2017 6 29 14 18 0.00556
rg5427 2017 6 29 14 19 0.00556
rg5427 2017 6 29 14 20 0.00556
rg5427 2017 6 29 14 21 0.00556
rg5427 2017 6 29 14 22 0.00556
rg5427 2017 6 29 14 23 0.00556
rg5427 2017 6 29 14 24 0.00556
rg5427 2017 6 29 14 25 0.00556
rg5427 2017 6 29 14 26 0.00556
rg5427 2017 6 29 14 27 0.00556
rg5427 2017 6 29 14 28 0.00556
rg5427 2017 6 29 14 29 0.00556
rg5427 2017 6 29 14 30 0.00556
rg5427 2017 6 29 14 31 0.00556
rg5427 2017 6 29 14 32 0.00556
rg5427 2017 6 29 14 33 0.00556
rg5427 2017 6 29 14 34 0.00556
rg5427 2017 6 29 14 35 0.00556
rg5427 2017 6 29 14 36 0.00556
rg5427 2017 6 29 14 37 0.00556
rg5427 2017 6 29 14 38 0.00556
rg5427 2017 6 29 14 39 0.00556
rg5427 2017 6 29 14 40 0.00556
rg5427 2017 6 29 14 41 0.00556
rg5427 2017 6 29 14 42 0.00556
rg5427 2017 6 29 14 43 0.00556
rg5427 2017 6 29 14 44 0.00556
rg5427 2017 6 29 14 45 0.00556
rg5427 2017 6 29 14 46 0.00556
rg5427 2017 6 29 14 47 0.00556
rg5427 2017 6 29 14 48 0.00556
rg5427 2017 6 29 14 49 0.00556
rg5427 2017 6 29 14 50 0.00556
rg5427 2017 6 29 14 51 0.00556
rg5427 2017 6 29 14 52 0.00556
rg5427 2017 6 29 14 53 0.00556
rg5427 2017 6 29 14 54 0.00556
rg5427 2017 6 29 14 55 0.00556
rg5427 2017 6 29 14 56 0.00556
rg5427 2017 6 29 14 57 0.00556
rg5427 2017 6 29 14 58 0.00556
rg5427 2017 6 29 14 59 0.00556
rg5427 2017 6 29 15 0 0.00556
rg5427 2017 6 29 15 1 0.00556
rg5427 2017 6 29 15 2 0.00556
rg5427 2017 6 29 15 3 0.00556
rg5427 2017 6 29 15 4 0.00556
rg5427 2017 6 29 15 5 0.00556
rg5427 2017 6 29 15 6 0.00556
rg5427 2017 6 29 15 7 0.00556
rg5427 2017 6 29 15 8 0.00556
rg5427 2017 6 29 15 9 0.00556
rg5427 2017 6 29 15 10 0.00556
rg5427 2017 6 29 15 11 0.00556
rg5427 2017 6 29 15 12 0.00556
rg5427 2017 6 29 15 13 0.00556
rg5427 2017 6 29 15 14 0.00556
rg5427 2017 6 29 15 15 0.00556
rg5427 2017 6 29 15 16 0.00556
rg5427 2017 6 29 15 17 0.00556
rg5427 2017 6 29 15 18 0.00556
rg5427 2017 6 29 15 19 0.00556
rg5427 2017 6 29 15 20 0.00556
rg5427 2017 6 29 15 21 0.00556
rg5427 2017 6 29 15 22 0.00556
rg5427 2017 6 29 15 23 0.00556
rg5427 2017 6 29 15 24 0.00556
rg5427 2017 6 29 15 25 0.00556
rg5427 2017 6 29 15 26 0.00556
rg5427 2017 6 29 15 27 0.00556
rg5427 2017 6 29 15 28 0.00556
rg5427 2017 6 29 15 29 0.00556
rg5427 2017 6 29 15 30 0.00556
rg5427 2017 6 29 15 31 0.00556
rg5427 2017 6 29 15 32 0.00556
rg5427 2017 6 29 15 33 0.00556
rg5427 2017 6 29 15 34 0.00556
rg5427 2017 6 29 15 35 0.00556
rg5427 2017 6 29 15 36 0.00556
rg5427 2017 6 29 15 37 0.00556
rg5427 2017 6 29 15 38 0.00556
rg5427 2017 6 29 15 39 0.00556
rg5427 2017 6 29 15 40 0.00556
rg5427 2017 6 29 15 41 0.00556
rg5427 2017 6 29 15 42 0.00556
rg5427 2017 6 29 15 43 0.00556
rg5427 2017 6 29 15 44 0.00556
rg5427 2017 6 29 15 45 0.00556
rg5427 2017 6 29 15 46 0.00556
rg5427 2017 6 29 15 47 0.00556
rg5427 2017 6 29 15 48 0.00556
rg5427 2017 6 29 15 49 0.00556
rg5427 2017 6 29 15 50 0.00556
rg5427 2017 6 29 15 51 0.00556
rg5427 2017 6 29 15 52 0.00556
rg5427 2017 6 29 15 53 0.00556
rg5427 2017 6 29 15 54 0.00556
rg5427 2017 6 29 15 55 0.00556
rg5427 2017 6 29 15 56 0.00556
rg5427 2017 6 29 15 57 0.00556
rg5427 2017 6 29 15 58 0.00556
rg5427 2017 6 29 15 59 0.00556
rg5427 2017 6 29 16 0 0.00556
rg5427 2017 6 29 16 1 0.00556
rg5427 2017 6 29 16 2 0.00556
rg5427 2017 6 29 16 3 0.00556
rg5427 2017 6 29 16 4 0.00556
rg5427 2017 6 29 16 5 0.00556
rg5427 2017 6 29 16 6 0.00556
rg5427 2017 6 29 16 7 0.00556
rg5427 2017 6 29 16 8 0.00556
rg5427 2017 6 29 16 9 0.00556
rg5427 2017 6 29 16 10 0.00556
rg5427 2017 6 29 16 11 0.00556
rg5427 2017 6 29 16 12 0.00556
rg5427 2017 6 29 16 13 0.00556
rg5427 2017 6 29 16 14 0.00556
rg5427 2017 6 29 16 15 0.00556
rg5427 2017 6 29 16 16 0.00556
rg5427 2017 6 29 16 17 0.00556
rg5427 2017 6 29 16 18 0.00556
rg5427 2017 6 29 16 19 0.00556
rg5427 2017 6 29 16 20 0.00556
rg5427 2017 6 29 16 21 0.00556
rg5427 2017 6 29 16 22 0.00556
rg5427 2017 6 29 16 23 0.00556
rg5427 2017 6 29 16 24 0.00556
rg5427 2017 6 29 16 25 0.00556
rg5427 2017 6 29 16 26 0.00556
rg5427 2017 6 29 16 27 0.00556
rg5427 2017 6 29 16 28 0.00556
rg5427 2017 6 29 16 29 0.00556
rg5427 2017 6 29 16 30 0.00556
rg5427 2017 6 29 16 31 0.00556
rg5427 2017 6 29 16 32 0.00556
rg5427 2017 6 29 16 33 0.00556
rg5427 2017 6 29 16 34 0.00556
rg5427 2017 6 29 16 35 0.00556
rg5427 2017 6 29 16 36 0.00556
rg5427 2017 6 29 16 37 0.00556
rg5427 2017 6 29 16 38 0.00556
rg5427 2017 6 29 16 39 0.00556
rg5427 2017 6 29 16 40 0.00556
rg5427 2017 6 29 16 41 0.00556
rg5427 2017 6 29 16 42 0.00556
rg5427 2017 6 29 16 43 0.00556
rg5427 2017 6 29 16 44 0.00556
rg5427 2017 6 29 16 45 0.00556
rg5427 2017 6 29 16 46 0.00556
rg5427 2017 6 29 16 47 0.00556
rg5427 2017 6 29 16 48 0.00556
rg5427 2017 6 29 16 49 0.00556
rg5427 2017 6 29 16 50 0.00556
rg5427 2017 6 29 16 51 0.00556
rg5427 2017 6 29 16 52 0.00556
rg5427 2017 6 29 16 53 0.00556
rg5427 2017 6 29 16 54 0.00556
rg5427 2017 6 29 16 55 0.00556
rg5427 2017 6 29 16 56 0.00556
rg5427 2017 6 29 16 57 0.00556
rg5427 2017 6 29 16 58 0.00556
rg5427 2017 6 29 16 59 0.00556
rg5427 2017 6 29 17 0 0.00556
rg5427 2017 6 29 17 1 0.00556
rg5427 2017 6 29 17 2 0.00556
rg5427 2017 6 29 17 3 0.00556
rg5427 2017 6 29 17 4 0.00556
rg5427 2017 6 29 17 5 0.00556
rg5427 2017 6 29 17 6 0.00556
rg5427 2017 6 29 17 7 0.00556
rg5427 2017 6 29 17 8 0.00556
rg5427 2017 6 29 17 9 0.00556
rg5427 2017 6 29 17 10 0.00556
rg5427 2017 6 29 17 11 0.00556
rg5427 2017 6 29 17 12 0.00556
rg5427 2017 6 29 17 13 0.00556
rg5427 2017 6 29 17 14 0.00556
rg5427 2017 6 29 17 15 0.00556
rg5427 2017 6 29 17 16 0.00556
rg5427 2017 6 29 17 17 0.00556
rg5427 2017 6 29 17 18 0.00556
rg5427 2017 6 29 17 19 0.00556
rg5427 2017 6 29 17 20 0.00556
rg5427 2017 6 29 17 21 0.00556
rg5427 2017 6 29 17 22 0.00556
rg5427 2017 6 29 17 23 0.00556
rg5427 2017 6 29 17 24 0.00556
rg5427 2017 6 29 17 25 0.00556
rg5427 2017 6 29 17 26 0.00556
rg5427 2017 6 29 17 27 0.00556
rg5427 2017 6 29 17 28 0.00556
rg5427 2017 6 29 17 29 0.00556
rg5427 2017 6 29 17 30 0.00556
rg5427 2017 6 29 17 31 0.00556
rg5427 2017 6 29 17 32 0.00556
rg5427 2017 6 29 17 33 0.00556
rg5427 2017 6 29 17 34 0.00556
rg5427 2017 6 29 17 35 0.00556
rg5427 2017 6 29 17 36 0.00556
rg5427 2017 6 29 17 37 0.00556
rg5427 2017 6 29 17 38 0.00556
rg5427 2017 6 29 17 39 0.00556
rg5427 2017 6 29 17 40 0.00556
rg5427 2017 6 29 17 41 0.00556
rg5427 2017 6 29 17 42 0.00556
rg5427 2017 6 29 17 43 0.00556
rg5427 2017 6 29 17 44 0.00556
rg5427 2017 6 29 17 45 0.00556
rg5427 2017 6 29 17 46 0.00556
rg5427 2017 6 29 17 47 0.00556
rg5427 2017 6 29 17 48 0.00556
rg5427 2017 6 29 17 49 0.00556
rg5427 2017 6 29 17 50 0.00556
rg5427 2017 6 29 17 51 0.00556
rg5427 2017 6 29 17 52 0.00556
rg5427 2017 6 29 17 53 0.00556
rg5427 2017 6 29 17 54 0.00556
rg5427 2017 6 29 17 55 0.00556
rg5427 2017 6 29 17 56 0.00556
rg5427 2017 6 29 17 57 0.00556
rg5427 2017 6 29 17 58 0.00556
rg5427 2017 6 29 17 59 0.00556
rg5427 2017 6 29 18 0 0.00556
rg5427 2017 6 29 18 1 0.00556
rg5427 2017 6 29 18 2 0.00556
rg5427 2017 6 29 18 3 0.00556
rg5427 2017 6 29 18 4 0.00556
rg5427 2017 6 29 18 5 0.00556
rg5427 2017 6 29 18 6 0.00556
rg5427 2017 6 29 18 7 0.00556
rg5427 2017 6 29 18 8 0.00556
rg5427 2017 6 29 18 9 0.00556
rg5427 2017 6 29 18 10 0.00556
rg5427 2017 6 29 18 11 0.00556
rg5427 2017 6 29 18 12 0.00556
rg5427 2017 6 29 18 13 0.00556
rg5427 2017 6 29 18 14 0.00556
rg5427 2017 6 29 18 15 0.00556
rg5427 2017 6 29 18 16 0.00556
rg5427 2017 6 29 18 17 0.00556
rg5427 2017 6 29 18 18 0.00556
rg5427 2017 6 29 18 19 0.00556
rg5427 2017 6 29 18 20 0.00556
rg5427 2017 6 29 18 21 0.00556
rg5427 2017 6 29 18 22 0.00556
rg5427 2017 6 29 18 23 0.00556
rg5427 2017 6 29 18 24 0.00556
rg5427 2017 6 29 18 25 0.00556
rg5427 2017 6 29 18 26 0.00556
rg5427 2017 6 29 18 27 0.00556
rg5427 2017 6 29 18 28 0.00556
rg5427 2017 6 29 18 29 0.00556
rg5427 2017 6 29 18 30 0.00556
rg5427 2017 6 29 18 31 0.00556
rg5427 2017 6 29 18 32 0.00556
rg5427 2017 6 29 18 33 0.00556
rg5427 2017 6 29 18 34 0.00556
rg5427 2017 6 29 18 35 0.00556
rg5427 2017 6 29 18 36 0.00556
rg5427 2017 6 29 18 37 0.00556
rg5427 2017 6 29 18 38 0.00556
rg5427 2017 6 29 18 39 0.00556
rg5427 2017 6 29 18 40 0.00556
rg5427 2017 6 29 18 41 0.00556
rg5427 2017 6 29 18 42 0.00556
rg5427 2017 6 29 18 43 0.00556
rg5427 2017 6 29 18 44 0.00556
rg5427 2017 6 29 18 45 0.00556
rg5427 2017 6 29 18 46 0.00556
rg5427 2017 6 29 18 47 0.00556
rg5427 2017 6 29 18 48 0.00556
rg5427 2017 6 29 18 49 0.00556
rg5427 2017 6 29 18 50 0.00556
rg5427 2017 6 29 18 51 0.00556
rg5427 2017 6 29 18 52 0.00556
rg5427 2017 6 29 18 53 0.00556
rg5427 2017 6 29 18 54 0.00556
rg5427 2017 6 29 18 55 0.00556
rg5427 2017 6 29 18 56 0.00556
rg5427 2017 6 29 18 57 0.00556
rg5427 2017 6 29 18 58 0.00556
rg5427 2017 6 29 18 59 0.00556
rg5427 2017 6 29 19 0 0.00556
rg5427 2017 6 29 19 1 0.00556
rg5427 2017 6 29 19 2 0.00556
rg5427 2017 6 29 19 3 0.00556
rg5427 2017 6 29 19 4 0.00556
rg5427 2017 6 29 19 5 0.00556
rg5427 2017 6 29 19 6 0.00556
rg5427 2017 6 29 19 7 0.00556
rg5427 2017 6 29 19 8 0.00556
rg5427 2017 6 29 19 9 0.00556
rg5427 2017 6 29 19 10 0.00556
rg5427 2017 6 29 19 11 0.00556
rg5427 2017 6 29 19 12 0.00556
rg5427 2017 6 29 19 13 0.00556
rg5427 2017 6 29 19 14 0.00556
rg5427 2017 6 29 19 15 0.00556
rg5427 2017 6 29 19 16 0.00556
rg5427 2017 6 29 19 17 0.00556
rg5427 2017 6 29 19 18 0.00556
rg5427 2017 6 29 19 19 0.00556
rg5427 2017 6 29 19 20 0.00556
rg5427 2017 6 29 19 21 0.00556
rg5427 2017 6 29 19 22 0.00556
rg5427 2017 6 29 19 23 0.00556
rg5427 2017 6 29 19 24 0.00556
rg5427 2017 6 29 19 25 0.00556
rg5427 2017 6 29 19 26 0.00556
rg5427 2017 6 29 19 27 0.00556
rg5427 2017 6 29 19 28 0.00556
rg5427 2017 6 29 19 29 0.00556
rg5427 2017 6 29 19 30 0.00556
rg5427 2017 6 29 19 31 0.00556
rg5427 2017 6 29 19 32 0.00556
rg5427 2017 6 29 19 33 0.00556
rg5427 2017 6 29 19 34 0.00556
rg5427 2017 6 29 19 35 0.00556
rg5427 2017 6 29 19 36 0.00556
rg5427 2017 6 29 19 37 0.00556
rg5427 2017 6 29 19 38 0.00556
rg5427 2017 6 29 19 39 0.00556
rg5427 2017 6 29 19 40 0.00556
rg5427 2017 6 29 19 41 0.00556
rg5427 2017 6 29 19 42 0.00556
rg5427 2017 6 29 19 43 0.00556
rg5427 2017 6 29 19 44 0.00556
rg5427 2017 6 29 19 45 0.00556
rg5427 2017 6 29 19 46 0.00556
rg5427 2017 6 29 19 47 0.00556
rg5427 2017 6 29 19 48 0.00556
rg5427 2017 6 29 19 49 0.00556
rg5427 2017 6 29 19 50 0.00556
rg5427 2017 6 29 19 51 0.00556
rg5427 2017 6 29 19 52 0.00556
rg5427 2017 6 29 19 53 0.00556
rg5427 2017 6 29 19 54 0.00556
rg5427 2017 6 29 19 55 0.00556
rg5427 2017 6 29 19 56 0.00556
rg5427 2017 6 29 19 57 0.00556
rg5427 2017 6 29 19 58 0.00556
rg5427 2017 6 29 19 59 0.00556
rg5427 2017 6 29 20 0 0.00556
rg5427 2017 6 29 20 1 0.00556
rg5427 2017 6 29 20 2 0.00556
rg5427 2017 6 29 20 3 0.00556
rg5427 2017 6 29 20 4 0.00556
rg5427 2017 6 29 20 5 0.00556
rg5427 2017 6 29 20 6 0.00556
rg5427 2017 6 29 20 7 0.00556
rg5427 2017 6 29 20 8 0.00556
rg5427 2017 6 29 20 9 0.00556
rg5427 2017 6 29 20 10 0.00556
rg5427 2017 6 29 20 11 0.00556
rg5427 2017 6 29 20 12 0.00556
rg5427 2017 6 29 20 13 0.00556
rg5427 2017 6 29 20 14 0.00556
rg5427 2017 6 29 20 15 0.00556
rg5427 2017 6 29 20 16 0.00556
rg5427 2017 6 29 20 17 0.00556
rg5427 2017 6 29 20 18 0.00556
rg5427 2017 6 29 20 19 0.00556
rg5427 2017 6 29 20 20 0.00556
rg5427 2017 6 29 20 21 0.00556
rg5427 2017 6 29 20 22 0.00556
rg5427 2017 6 29 20 23 0.00556
rg5427 2017 6 29 20 24 0.00556
rg5427 2017 6 29 20 25 0.00556
rg5427 2017 6 29 20 26 0.00556
rg5427 2017 6 29 20 27 0.00556
rg5427 2017 6 29 20 28 0.00556
rg5427 2017 6 29 20 29 0.00556
rg5427 2017 6 29 20 30 0.00556
rg5427 2017 6 29 20 31 0.00556
rg5427 2017 6 29 20 32 0.00556
rg5427 2017 6 29 20 33 0.00556
rg5427 2017 6 29 20 34 0.00556
rg5427 2017 6 29 20 35 0.00556
rg5427 2017 6 29 20 36 0.00556
rg5427 2017 6 29 20 37 0.00556
rg5427 2017 6 29 20 38 0.00556
rg5427 2017 6 29 20 39 0.00556
rg5427 2017 6 29 20 40 0.00556
rg5427 2017 6 29 20 41 0.00556
rg5427 2017 6 29 20 42 0.00556
rg5427 2017 6 29 20 43 0.00556
rg5427 2017 6 29 20 44 0.00556
rg5427 2017 6 29 20 45 0.00556
rg5427 2017 6 29 20 46 0.00556
rg5427 2017 6 29 20 47 0.00556
rg5427 2017 6 29 20 48 0.00556
rg5427 2017 6 29 20 49 0.00556
rg5427 2017 6 29 20 50 0.00556
rg5427 2017 6 29 20 51 0.00556
rg5427 2017 6 29 20 52 0.00556
rg5427 2017 6 29 20 53 0.00556
rg5427 2017 6 29 20 54 0.00556
rg5427 2017 6 29 20 55 0.00556
rg5427 2017 6 29 20 56 0.00556
rg5427 2017 6 29 20 57 0.00556
rg5427 2017 6 29 20 58 0.00556
rg5427 2017 6 29 20 59 0.00556
rg5427 2017 6 29 21 0 0.00556
rg5427 2017 6 29 21 1 0.00556
rg5427 2017 6 29 21 2 0.00556
rg5427 2017 6 29 21 3 0.00556
rg5427 2017 6 29 21 4 0.00556
rg5427 2017 6 29 21 5 0.00556
rg5427 2017 6 29 21 6 0.00556
rg5427 2017 6 29 21 7 0.00556
rg5427 2017 6 29 21 8 0.00556
rg5427 2017 6 29 21 9 0.00556
rg5427 2017 6 29 21 10 0.00556
rg5427 2017 6 29 21 11 0.00556
rg5427 2017 6 29 21 12 0.00556
rg5427 2017 6 29 21 13 0.00556
rg5427 2017 6 29 21 14 0.00556
rg5427 2017 6 29 21 15 0.00556
rg5427 2017 6 29 21 16 0.00556
rg5427 2017 6 29 21 17 0.00556
rg5427 2017 6 29 21 18 0.00556
rg5427 2017 6 29 21 19 0.00556
rg5427 2017 6 29 21 20 0.00556
rg5427 2017 6 29 21 21 0.00556
rg5427 2017 6 29 21 22 0.00556
rg5427 2017 6 29 21 23 0.00556
rg5427 2017 6 29 21 24 0.00556
rg5427 2017 6 29 21 25 0.00556
rg5427 2017 6 29 21 26 0.00556
rg5427 2017 6 29 21 27 0.00556
rg5427 2017 6 29 21 28 0.00556
rg5427 2017 6 29 21 29 0.00556
rg5427 2017 6 29 21 30 0.00556
rg5427 2017 6 29 21 31 0.00556
rg5427 2017 6 29 21 32 0.00556
rg5427 2017 6 29 21 33 0.00556
rg5427 2017 6 29 21 34 0.00556
rg5427 2017 6 29 21 35 0.00556
rg5427 2017 6 29 21 36 0.00556
rg5427 2017 6 29 21 37 0.00556
rg5427 2017 6 29 21 38 0.00556
rg5427 2017 6 29 21 39 0.00556
rg5427 2017 6 29 21 40 0.00556
rg5427 2017 6 29 21 41 0.00556
rg5427 2017 6 29 21 42 0.00556
rg5427 2017 6 29 21 43 0.00556
rg5427 2017 6 29 21 44 0.00556
rg5427 2017 6 29 21 45 0.00556
rg5427 2017 6 29 21 46 0.00556
rg5427 2017 6 29 21 47 0.00556
rg5427 2017 6 29 21 48 0.00556
rg5427 2017 6 29 21 49 0.00556
rg5427 2017 6 29 21 50 0.00556
rg5427 2017 6 29 21 51 0.00556
rg5427 2017 6 29 21 52 0.00556
rg5427 2017 6 29 21 53 0.00556
rg5427 2017 6 29 21 54 0.00556
rg5427 2017 6 29 21 55 0.00556
rg5427 2017 6 29 21 56 0.00556
rg5427 2017 6 29 21 57 0.00556
rg5427 2017 6 29 21 58 0.00556
rg5427 2017 6 29 21 59 0.00556
rg5427 2017 6 29 22 0 0.00556
rg5427 2017 6 29 22 1 0.00556
rg5427 2017 6 29 22 2 0.00556
rg5427 2017 6 29 22 3 0.00556
rg5427 2017 6 29 22 4 0.00556
rg5427 2017 6 29 22 5 0.00556
rg5427 2017 6 29 22 6 0.00556
rg5427 2017 6 29 22 7 0.00556
rg5427 2017 6 29 22 8 0.00556
rg5427 2017 6 29 22 9 0.00556
rg5427 2017 6 29 22 10 0.00556
rg5427 2017 6 29 22 11 0.00556
rg5427 2017 6 29 22 12 0.00556
rg5427 2017 6 29 22 13 0.00556
rg5427 2017 6 29 22 14 0.00556
rg5427 2017 6 29 22 15 0.00556
rg5427 2017 6 29 22 16 0.00556
rg5427 2017 6 29 22 17 0.00556
rg5427 2017 6 29 22 18 0.00556
rg5427 2017 6 29 22 19 0.00556
rg5427 2017 6 29 22 20 0.00556
rg5427 2017 6 29 22 21 0.00556
rg5427 2017 6 29 22 22 0.00556
rg5427 2017 6 29 22 23 0.00556
rg5427 2017 6 29 22 24 0.00556
rg5427 2017 6 29 22 25 0.00556
rg5427 2017 6 29 22 26 0.00556
rg5427 2017 6 29 22 27 0.00556
rg5427 2017 6 29 22 28 0.00556
rg5427 2017 6 29 22 29 0.00556
rg5427 2017 6 29 22 30 0.00556
rg5427 2017 6 29 22 31 0.00556
rg5427 2017 6 29 22 32 0.00556
rg5427 2017 6 29 22 33 0.00556
rg5427 2017 6 29 22 34 0.00556
rg5427 2017 6 29 22 35 0.00556
rg5427 2017 6 29 22 36 0.00556
rg5427 2017 6 29 22 37 0.00556
rg5427 2017 6 29 22 38 0.00556
rg5427 2017 6 29 22 39 0.00556
rg5427 2017 6 29 22 40 0.00556
rg5427 2017 6 29 22 41 0.00556
rg5427 2017 6 29 22 42 0.00556
rg5427 2017 6 29 22 43 0.00556
rg5427 2017 6 29 22 44 0.00556
rg5427 2017 6 29 22 45 0.00556
rg5427 2017 6 29 22 46 0.00556
rg5427 2017 6 29 22 47 0.00556
rg5427 2017 6 29 22 48 0.00556
rg5427 2017 6 29 22 49 0.00556
rg5427 2017 6 29 22 50 0.00556
rg5427 2017 6 29 22 51 0.00556
rg5427 2017 6 29 22 52 0.00556
rg5427 2017 6 29 22 53 0.00556
rg5427 2017 6 29 22 54 0.00556
rg5427 2017 6 29 22 55 0.00556
rg5427 2017 6 29 22 56 0.00556
rg5427 2017 6 29 22 57 0.00556
rg5427 2017 6 29 22 58 0.00556
rg5427 2017 6 29 22 59 0.00556
rg5427 2017 6 29 23 0 0.00556
rg5427 2017 6 29 23 1 0.00556
rg5427 2017 6 29 23 2 0.00556
rg5427 2017 6 29 23 3 0.00556
rg5427 2017 6 29 23 4 0.00556
rg5427 2017 6 29 23 5 0.00556
rg5427 2017 6 29 23 6 0.00556
rg5427 2017 6 29 23 7 0.00556
rg5427 2017 6 29 23 8 0.00556
rg5427 2017 6 29 23 9 0.00556
rg5427 2017 6 29 23 10 0.00556
rg5427 2017 6 29 23 11 0.00556
rg5427 2017 6 29 23 12 0.00556
rg5427 2017 6 29 23 13 0.00556
rg5427 2017 6 29 23 14 0.00556
rg5427 2017 6 29 23 15 0.00556
rg5427 2017 6 29 23 16 0.00556
rg5427 2017 6 29 23 17 0.00556
rg5427 2017 6 29 23 18 0.00556
rg5427 2017 6 29 23 19 0.00556
rg5427 2017 6 29 23 20 0.00556
rg5427 2017 6 29 23 21 0.00556
rg5427 2017 6 29 23 22 0.00556
rg5427 2017 6 29 23 23 0.00556
rg5427 2017 6 29 23 24 0.00556
rg5427 2017 6 29 23 25 0.00556
rg5427 2017 6 29 23 26 0.00556
rg5427 2017 6 29 23 27 0.00556
rg5427 2017 6 29 23 28 0.00556
rg5427 2017 6 29 23 29 0.00556
rg5427 2017 6 29 23 30 0.00556
rg5427 2017 6 29 23 31 0.00556
rg5427 2017 6 29 23 32 0.00556
rg5427 2017 6 29 23 33 0.00556
rg5427 2017 6 29 23 34 0.00556
rg5427 2017 6 29 23 35 0.00556
rg5427 2017 6 29 23 36 0.00556
rg5427 2017 6 29 23 37 0.00556
rg5427 2017 6 29 23 38 0.00556
rg5427 2017 6 29 23 39 0.00556
rg5427 2017 6 29 23 40 0.00556
rg5427 2017 6 29 23 41 0.00556
rg5427 2017 6 29 23 42 0.00556
rg5427 2017 6 29 23 43 0.00556
rg5427 2017 6 29 23 44 0.00556
rg5427 2017 6 29 23 45 0.00556
rg5427 2017 6 29 23 46 0.00556
rg5427 2017 6 29 23 47 0.00556
rg5427 2017 6 29 23 48 0.00556
rg5427 2017 6 29 23 49 0.00556
rg5427 2017 6 29 23 50 0.00556
rg5427 2017 6 29 23 51 0.00556
rg5427 2017 6 29 23 52 0.00556
rg5427 2017 6 29 23 53 0.00556
rg5427 2017 6 29 23 54 0.00556
rg5427 2017 6 29 23 55 0.00556
rg5427 2017 6 29 23 56 0.00556
rg5427 2017 6 29 23 57 0.00556
rg5427 2017 6 29 23 58 0.00556
rg5427 2017 6 29 23 59 -0.00084
